0 2 1.4 0.23 0.097421636 0 0.010 0.39 0.16 0.03799 0.010 4.47e-05 5.0
2 5 1.4 0.23 0.097421636 0 0.040 0.39 0.16 0.03799 0.010 4.47e-05 5.0
5 10 1.4 0.23 0.097931688 0 0.25 0.39 0.16 0.03628 0.010 4.43e-05 5.0
10 20 1.4 0.27 0.12976063 0 0.30 0.33 0.21 0.02289 0.010 2.22e-05 5.0
20 40 1.4 0.32 0.16346568 0 0.15 0.25 0.27 0.01304 0.010 1.24e-05 4.9
40 60 1.2 0.33 0.16426888 0 0.10 0.19 0.27 0.006392 0.010 2.78e-05 4.2
60 80 1.2 0.33 0.16352870 0 0.050 0.19 0.27 0.005989 0.010 2.89e-05 4.2
80 100 0.65 0.29 0.090330366 0 0.040 0.12 0.14 0.003805 0.010 2.77e-04 2.3
100 120 0.64 0.29 0.086931097 0 0.030 0.12 0.13 0.003234 0.010 2.88e-04 2.3
120 140 0.63 0.29 0.082685004 0 0.020 0.13 0.13 0.002924 0.010 3.10e-04 2.2
140 160 0.62 0.28 0.078225688 0 0.010 0.16 0.12 0.002370 0.010 3.34e-04 2.2
160 180 0.56 0.27 0.071153798 0 0 0.15 0.11 0.001972 0.010 3.83e-04 2.0
180 200 0.064 0.29 0.024164654 0 0 0.019 0.017 0.0002256 0.010 9.36e-04 0.24
