MON   YR       DPM      RPM      BIO      HUM    TOTAL       CO2     D14C
 12 1940    0.0000   4.5824   0.4751  20.4723  27.8884    1.9395   -94.93
 12 1941    0.0000   3.8621   0.4173  20.3656  27.0034    2.8245   -98.03
 12 1942    0.0000   3.2550   0.3666  20.2450  26.2251    3.6028  -100.92
 12 1943    0.0000   2.7433   0.3225  20.1129  25.5373    4.2906  -103.61
 12 1944    0.0000   2.3121   0.2843  19.9715  24.9264    4.9015  -106.12
 12 1945    0.0000   1.9487   0.2514  19.8223  24.3809    5.4470  -108.47
 12 1946    0.0000   1.6423   0.2231  19.6670  23.8910    5.9369  -110.67
 12 1947    0.0000   1.3842   0.1988  19.5068  23.4483    6.3796  -112.73
 12 1948    0.0000   1.1666   0.1780  19.3427  23.0458    6.7821  -114.67
 12 1949    0.0000   0.9832   0.1601  19.1756  22.6775    7.1504  -116.50
 12 1950    0.0000   0.8287   0.1449  19.0063  22.3383    7.4896  -118.24
 12 1951    0.0000   0.6984   0.1319  18.8353  22.0241    7.8038  -119.89
 12 1952    0.0000   0.5886   0.1208  18.6633  21.7312    8.0967  -121.48
 12 1953    0.0000   0.4961   0.1113  18.4906  21.4565    8.3714  -123.00
 12 1954    0.0000   0.4181   0.1031  18.3177  21.1975    8.6304  -124.47
 12 1955    0.0000   0.3524   0.0962  18.1449  20.9519    8.8760  -125.90
 12 1956    0.0000   0.2970   0.0902  17.9723  20.7180    9.1099  -127.28
 12 1957    0.0000   0.2503   0.0850  17.8003  20.4941    9.3338  -128.64
 12 1958    0.0000   0.2110   0.0806  17.6290  20.2790    9.5489  -129.97
 12 1959    0.0000   0.1778   0.0768  17.4585  20.0716    9.7563  -131.27
 12 1960    0.0000   0.1499   0.0734  17.2890  19.8708    9.9571  -132.56
 12 1961    0.0000   0.1263   0.0705  17.1207  19.6760   10.1519  -133.84
 12 1962    0.0000   0.1064   0.0680  16.9534  19.4864   10.3415  -135.10
 12 1963    0.0000   0.0897   0.0658  16.7874  19.3015   10.5264  -136.36
 12 1964    0.0000   0.0756   0.0639  16.6227  19.1207   10.7072  -137.61
 12 1965    0.0000   0.0637   0.0621  16.4594  18.9437   10.8842  -138.85
 12 1966    0.0000   0.0537   0.0606  16.2974  18.7702   11.0577  -140.10
 12 1967    0.0000   0.0453   0.0592  16.1368  18.5998   11.2281  -141.34
 12 1968    0.0000   0.0381   0.0580  15.9776  18.4322   11.3957  -142.58
 12 1969    0.0000   0.0322   0.0568  15.8198  18.2673   11.5606  -143.82
 12 1970    0.0000   0.0271   0.0558  15.6635  18.1049   11.7230  -145.07
 12 1971    0.0000   0.0228   0.0549  15.5086  17.9448   11.8831  -146.31
 12 1972    0.0000   0.0192   0.0540  15.3552  17.7869   12.0410  -147.57
 12 1973    0.0000   0.0162   0.0532  15.2032  17.6311   12.1968  -148.82
 12 1974    0.0000   0.0137   0.0524  15.0526  17.4772   12.3507  -150.09
 12 1975    0.0000   0.0115   0.0517  14.9035  17.3252   12.5027  -151.35
 12 1976    0.0000   0.0097   0.0510  14.7558  17.1751   12.6528  -152.63
 12 1977    0.0000   0.0082   0.0504  14.6096  17.0267   12.8012  -153.90
 12 1978    0.0000   0.0069   0.0497  14.4648  16.8799   12.9480  -155.19
 12 1979    0.0000   0.0058   0.0492  14.3214  16.7348   13.0931  -156.48
 12 1980    0.0000   0.0049   0.0486  14.1793  16.5913   13.2366  -157.78
 12 1981    0.0000   0.0041   0.0480  14.0387  16.4494   13.3785  -159.09
 12 1982    0.0000   0.0035   0.0475  13.8995  16.3089   13.5190  -160.40
 12 1983    0.0000   0.0029   0.0470  13.7616  16.1700   13.6579  -161.72
 12 1984    0.0000   0.0025   0.0426  13.6197  16.0233   13.8046  -163.13
 12 1985    0.0000   0.0021   0.0394  13.4793  15.8792   13.9487  -164.55
 12 1986    0.0000   0.0018   0.0370  13.3402  15.7375   14.0904  -165.96
 12 1987    0.0000   0.0015   0.0353  13.2024  15.5977   14.2302  -167.38
 12 1988    0.0000   0.0012   0.0339  13.0661  15.4598   14.3681  -168.80
 12 1989    0.0000   0.0011   0.0329  12.9311  15.3236   14.5043  -170.23
 12 1990    0.0000   0.0009   0.0321  12.7975  15.1890   14.6389  -171.67
 12 1991    0.0000   0.0007   0.0314  12.6653  15.0560   14.7719  -173.11
 12 1992    0.0000   0.0006   0.0308  12.5345  14.9244   14.9035  -174.56
 12 1993    0.0000   0.0005   0.0303  12.4049  14.7943   15.0336  -176.03
 12 1994    0.0000   0.0004   0.0299  12.2768  14.6656   15.1623  -177.50
 12 1995    0.0000   0.0004   0.0295  12.1499  14.5383   15.2896  -178.98
 12 1996    0.0000   0.0003   0.0291  12.0243  14.4123   15.4156  -180.46
 12 1997    0.0000   0.0003   0.0288  11.9001  14.2876   15.5403  -181.96
 12 1998    0.0000   0.0002   0.0285  11.7771  14.1643   15.6636  -183.47
 12 1999    0.0000   0.0002   0.0282  11.6554  14.0422   15.7857  -184.98
 12 2000    0.0000   0.0002   0.0278  11.5349  13.9214   15.9065  -186.51
 12 2001    0.0000   0.0001   0.0275  11.4157  13.8019   16.0260  -188.04
 12 2002    0.0000   0.0001   0.0273  11.2977  13.6836   16.1443  -189.59
 12 2003    0.0000   0.0001   0.0294  11.2135  13.6015   16.2264  -190.70
 12 2004    0.0000   0.0001   0.0310  11.1300  13.5196   16.3083  -191.83
 12 2005    0.0000   0.0001   0.0322  11.0472  13.4379   16.3900  -192.96
 12 2006    0.0000   0.0001   0.0330  10.9650  13.3566   16.4713  -194.11
 12 2007    0.0000   0.0001   0.0336  10.8834  13.2756   16.5523  -195.26
 12 2008    0.0000   0.0001   0.0340  10.8025  13.1951   16.6328  -196.42
 12 2009    0.0000   0.0000   0.0343  10.7222  13.1150   16.7129  -197.58
 12 2010    0.0000   0.0000   0.0344  10.6425  13.0355   16.7924  -198.75
 12 2011    0.0000   0.0000   0.0345  10.5635  12.9565   16.8714  -199.93
 12 2012    0.0000   0.0000   0.0345  10.4850  12.8780   16.9499  -201.11
 12 2013    0.0000   0.0000   0.0344  10.4071  12.8000   17.0279  -202.30
 12 2014    0.0000   0.0000   0.0343  10.3298  12.7226   17.1053  -203.49
 12 2015    0.0000   0.0000   0.0341  10.2530  12.6457   17.1822  -204.69
 12 2016    0.0000   0.0000   0.0340  10.1769  12.5694   17.2585  -205.89
 12 2017    0.0000   0.0000   0.0338  10.1013  12.4936   17.3343  -207.10
 12 2018    0.0000   0.0000   0.0336  10.0263  12.4184   17.4095  -208.31
 12 2019    0.0000   0.0000   0.0334   9.9518  12.3437   17.4842  -209.53
 12 2020    0.0000   0.0000   0.0331   9.8779  12.2695   17.5584  -210.75
 12 2021    0.0000   0.0000   0.0329   9.8045  12.1960   17.6319  -211.98
 12 2022    0.0000   0.0000   0.0327   9.7317  12.1229   17.7050  -213.21
 12 2023    0.0000   0.0000   0.0325   9.6594  12.0504   17.7775  -214.45
 12 2024    0.0000   0.0000   0.0322   9.5877  11.9784   17.8495  -215.70
 12 2025    0.0000   0.0000   0.0320   9.5165  11.9070   17.9209  -216.94
 12 2026    0.0000   0.0000   0.0318   9.4458  11.8361   17.9918  -218.20
 12 2027    0.0000   0.0000   0.0315   9.3756  11.7657   18.0622  -219.45
 12 2028    0.0000   0.0000   0.0313   9.3060  11.6958   18.1321  -220.72
 12 2029    0.0000   0.0000   0.0311   9.2369  11.6265   18.2014  -221.98
 12 2030    0.0000   0.0000   0.0309   9.1683  11.5577   18.2702  -223.26
 12 2031    0.0000   0.0000   0.0306   9.1002  11.4893   18.3386  -224.53
 12 2032    0.0000   0.0000   0.0304   9.0326  11.4215   18.4064  -225.82
 12 2033    0.0000   0.0000   0.0302   8.9655  11.3542   18.4737  -227.10
 12 2034    0.0000   0.0000   0.0300   8.8990  11.2874   18.5405  -228.39
 12 2035    0.0000   0.0000   0.0297   8.8329  11.2211   18.6068  -229.69
 12 2036    0.0000   0.0000   0.0295   8.7673  11.1553   18.6726  -230.99
 12 2037    0.0000   0.0000   0.0293   8.7021  11.0899   18.7379  -232.30
 12 2038    0.0000   0.0000   0.0291   8.6375  11.0251   18.8028  -233.61
 12 2039    0.0000   0.0000   0.0289   8.5734  10.9607   18.8672  -234.93
 12 2040    0.0000   0.0000   0.0287   8.5097  10.8969   18.9310  -236.25
 12 2041    0.0000   0.0000   0.0284   8.4465  10.8334   18.9945  -237.58
 12 2042    0.0000   0.0000   0.0282   8.3838  10.7705   19.0574  -238.91
 12 2043    0.0000   0.0000   0.0280   8.3215  10.7080   19.1199  -240.24
 12 2044    0.0000   0.0000   0.0278   8.2597  10.6460   19.1819  -241.58
 12 2045    0.0000   0.0000   0.0276   8.1984  10.5845   19.2434  -242.93
 12 2046    0.0000   0.0000   0.0274   8.1375  10.5234   19.3045  -244.28
 12 2047    0.0000   0.0000   0.0272   8.0770  10.4627   19.3652  -245.63
 12 2048    0.0000   0.0000   0.0270   8.0170  10.4025   19.4254  -247.00
