MON   YR       DPM      RPM      BIO      HUM    TOTAL       CO2     D14C
 12 1940    0.0000   4.5824   0.4751  20.4723  27.8884    1.9395   -94.93
 12 1941    0.0201   4.1645   0.4593  20.4213  27.4237    3.2177   -96.91
 12 1942    0.0041   3.5754   0.4112  20.3216  26.6708    4.1477   -99.65
 12 1943    0.0050   3.0687   0.3664  20.2066  26.0051    4.9616  -102.20
 12 1944    0.0041   2.6278   0.3259  20.0795  25.3959    5.6813  -104.63
 12 1945    0.0037   2.2550   0.2911  19.9441  24.8523    6.3322  -106.95
 12 1946    0.0048   1.9686   0.2651  19.8074  24.4045    6.9636  -109.02
 12 1947    0.0038   1.6966   0.2385  19.6604  23.9577    7.5103  -111.06
 12 1948    0.0036   1.4698   0.2163  19.5094  23.5575    8.0175  -112.95
 12 1949    0.0041   1.2872   0.1984  19.3566  23.2048    8.5000  -114.70
 12 1950    0.0035   1.1310   0.1830  19.2011  22.8772    8.9518  -116.32
 12 1951    0.0029   0.9951   0.1692  19.0432  22.5688    9.3731  -117.89
 12 1952    0.0057   0.8938   0.1591  18.8858  22.3029    9.7857  -119.30
 12 1953    0.0076   0.8350   0.1544  18.7330  22.0884   10.2181  -120.52
 12 1954    0.0036   0.7456   0.1448  18.5736  21.8260   10.5924  -121.91
 12 1955    0.0046   0.6835   0.1382  18.4160  21.6008   10.9655  -123.10
 12 1956    0.0042   0.6290   0.1323  18.2582  21.3823   11.3256  -124.19
 12 1957    0.0042   0.5940   0.1288  18.1031  21.1886   11.6914  -124.92
 12 1958    0.0035   0.5454   0.1230  17.9451  20.9754   12.0246  -125.70
 12 1959    0.0072   0.5263   0.1209  17.7910  20.8039   12.3731  -125.67
 12 1960    0.0049   0.5092   0.1194  17.6389  20.6309   12.7225  -126.03
 12 1961    0.0010   0.4418   0.1104  17.4779  20.3896   12.9977  -127.55
 12 1962    0.0011   0.3881   0.1031  17.3172  20.1680   13.2615  -128.77
 12 1963    0.0015   0.3515   0.0983  17.1585  19.9683   13.5272  -128.69
 12 1964    0.0012   0.3117   0.0930  16.9989  19.7632   13.7736  -129.39
 12 1965    0.0010   0.2778   0.0885  16.8399  19.5658   14.0119  -130.29
 12 1966    0.0015   0.2553   0.0855  16.6829  19.3836   14.2507  -130.88
 12 1967    0.0015   0.2371   0.0831  16.5271  19.2072   14.4861  -131.57
 12 1968    0.0011   0.2165   0.0803  16.3716  19.0280   14.7105  -132.66
 12 1969    0.0008   0.1968   0.0775  16.2166  18.8503   14.9269  -133.90
 12 1970    0.0009   0.1825   0.0754  16.0632  18.6805   15.1416  -135.05
 12 1971    0.0011   0.1698   0.0735  15.9109  18.5138   15.3515  -136.22
 12 1972    0.0008   0.1519   0.0709  15.7584  18.3405   15.5484  -137.72
 12 1973    0.0008   0.1375   0.0687  15.6071  18.1726   15.7417  -139.16
 12 1974    0.0008   0.1325   0.0678  15.4585  18.0181   15.9412  -140.26
 12 1975    0.0007   0.1236   0.0663  15.3103  17.8594   16.1322  -141.57
 12 1976    0.0010   0.1177   0.0652  15.1636  17.7061   16.3219  -142.79
 12 1977    0.0008   0.1117   0.0641  15.0182  17.5532   16.5085  -144.09
 12 1978    0.0007   0.1091   0.0634  14.8745  17.4062   16.6961  -145.29
 12 1979    0.0007   0.1064   0.0627  14.7321  17.2603   16.8811  -146.53
 12 1980    0.0014   0.1067   0.0623  14.5914  17.1203   17.0668  -147.67
 12 1981    0.0014   0.1094   0.0623  14.4527  16.9842   17.2552  -148.77
 12 1982    0.0011   0.1064   0.0615  14.3144  16.8418   17.4358  -150.07
 12 1983    0.0010   0.1042   0.0608  14.1775  16.7020   17.6148  -151.36
 12 1984    0.0010   0.1017   0.0550  14.0350  16.5512   17.8028  -152.81
 12 1985    0.0008   0.0999   0.0509  13.8938  16.4039   17.9886  -154.23
 12 1986    0.0011   0.1013   0.0481  13.7543  16.2634   18.1752  -155.57
 12 1987    0.0016   0.1037   0.0462  13.6164  16.1264   18.3611  -156.87
 12 1988    0.0012   0.1028   0.0445  13.4795  15.9865   18.5423  -158.28
 12 1989    0.0009   0.0980   0.0428  13.3435  15.8436   18.7156  -159.79
 12 1990    0.0010   0.0982   0.0419  13.2093  15.7089   18.8925  -161.17
 12 1991    0.0013   0.1041   0.0418  13.0773  15.5830   19.0761  -162.41
 12 1992    0.0011   0.1025   0.0410  12.9458  15.4489   19.2497  -163.85
 12 1993    0.0010   0.1016   0.0403  12.8158  15.3171   19.4224  -165.27
 12 1994    0.0013   0.1062   0.0403  12.6877  15.1941   19.6009  -166.57
 12 1995    0.0013   0.1097   0.0403  12.5611  15.0709   19.7786  -167.90
 12 1996    0.0010   0.1084   0.0397  12.4352  14.9429   19.9496  -169.35
 12 1997    0.0008   0.1056   0.0391  12.3104  14.8144   20.1165  -170.83
 12 1998    0.0009   0.1054   0.0387  12.1871  14.6906   20.2848  -172.27
 12 1999    0.0010   0.1047   0.0383  12.0649  14.5674   20.4505  -173.72
 12 2000    0.0008   0.0970   0.0372  11.9431  14.4366   20.6049  -175.34
 12 2001    0.0008   0.0912   0.0363  11.8224  14.3092   20.7576  -176.93
 12 2002    0.0008   0.0932   0.0363  11.7040  14.1927   20.9183  -178.35
 12 2003    0.0043   0.1248   0.0435  11.6259  14.1570   21.0677  -178.56
 12 2004    0.0092   0.1987   0.0558  11.5577  14.1798   21.2827  -177.73
 12 2005    0.0224   0.3600   0.0791  11.5084  14.3284   21.6266  -174.73
 12 2006    0.0225   0.4802   0.0966  11.4600  14.4179   21.9734  -172.83
 12 2007    0.0035   0.4484   0.0934  11.3901  14.2939   22.1662  -174.56
 12 2008    0.0109   0.4629   0.0945  11.3249  14.2517   22.3879  -174.94
 12 2009    0.0074   0.4458   0.0921  11.2562  14.1600   22.5808  -176.16
 12 2010    0.0109   0.4693   0.0949  11.1945  14.1280   22.8185  -176.39
 12 2011    0.0177   0.5098   0.0997  11.1368  14.1224   23.0813  -176.18
 12 2012    0.0044   0.4745   0.0955  11.0691  14.0020   23.2702  -177.92
 12 2013    0.0039   0.4439   0.0908  10.9999  13.8971   23.4446  -179.41
 12 2014    0.0052   0.4165   0.0866  10.9303  13.7971   23.6121  -180.84
 12 2015    0.0040   0.3865   0.0824  10.8601  13.6913   23.7704  -182.38
 12 2016    0.0022   0.3495   0.0773  10.7879  13.5754   23.9110  -184.13
 12 2017    0.0045   0.3289   0.0743  10.7173  13.4834   24.0585  -185.48
 12 2018    0.0035   0.3011   0.0705  10.6454  13.3790   24.1930  -187.07
 12 2019    0.0025   0.2764   0.0673  10.5737  13.2783   24.3236  -188.61
 12 2020    0.0010   0.2493   0.0637  10.5011  13.1736   24.4444  -190.25
 12 2021    0.0041   0.2461   0.0632  10.4319  13.1038   24.5846  -191.26
 12 2022    0.0086   0.2609   0.0651  10.3662  13.0593   24.7451  -191.83
 12 2023    0.0091   0.3145   0.0728  10.3097  13.0646   24.9672  -191.49
 12 2024    0.0148   0.3626   0.0790  10.2537  13.0686   25.1890  -191.16
 12 2025    0.0118   0.4616   0.0930  10.2115  13.1365   25.5051  -189.70
 12 2026    0.0199   0.5059   0.0979  10.1609  13.1430   25.7584  -189.34
 12 2027    0.0132   0.6037   0.1117  10.1254  13.2125   26.1161  -187.89
 12 2028    0.0137   0.6569   0.1181  10.0841  13.2313   26.4305  -187.33
 12 2029    0.0136   0.7584   0.1315  10.0555  13.3174   26.8321  -185.62
 12 2030    0.0156   0.7500   0.1287  10.0088  13.2617   27.1044  -186.36
 12 2031    0.0130   0.8020   0.1353   9.9749  13.2836   27.4642  -185.78
 12 2032    0.0185   0.8054   0.1342   9.9323  13.2489   27.7604  -186.17
 12 2033    0.0151   0.8685   0.1426   9.9034  13.2881   28.1508  -185.28
 12 2034    0.0610   0.9643   0.1511   9.8756  13.4104   28.5468  -182.99
 12 2035    0.0161   1.0621   0.1683   9.8653  13.4702   29.0648  -181.80
 12 2036    0.0166   1.0362   0.1631   9.8290  13.4033   29.3988  -182.72
 12 2037    0.0130   1.0731   0.1676   9.8052  13.4174   29.8192  -182.29
 12 2038    0.0140   1.0314   0.1606   9.7667  13.3313   30.1345  -183.54
 12 2039    0.0182   1.0522   0.1625   9.7389  13.3303   30.5224  -183.37
 12 2040    0.0156   1.0088   0.1560   9.6999  13.2388   30.8299  -184.73
 12 2041    0.0132   1.0378   0.1600   9.6741  13.2437   31.2283  -184.45
 12 2042    0.0193   1.0155   0.1559   9.6381  13.1873   31.5527  -185.22
 12 2043    0.0140   1.0477   0.1608   9.6141  13.1951   31.9603  -184.89
 12 2044    0.0140   0.9907   0.1523   9.5731  13.0886   32.2459  -186.54
 12 2045    0.0121   0.9973   0.1533   9.5431  13.0644   32.6069  -186.77
 12 2046    0.0268   0.9776   0.1491   9.5055  13.0175   32.9128  -187.41
 12 2047    0.0142   1.0088   0.1548   9.4814  13.0177   33.3117  -187.22
 12 2048    0.0148   0.9914   0.1521   9.4474  12.9641   33.6385  -187.97
