MON   YR       DPM      RPM      BIO      HUM    TOTAL       CO2     D14C
 12 1940    0.0000   4.5824   0.4751  20.4723  27.8884    1.9395   -94.93
 12 1941    0.0013   3.8810   0.4199  20.3690  27.0297    2.8490   -97.96
 12 1942    0.0003   3.2750   0.3694  20.2498  26.2529    3.6369  -100.83
 12 1943    0.0003   2.7637   0.3253  20.1188  25.5665    4.3326  -103.52
 12 1944    0.0003   2.3318   0.2869  19.9782  24.9557    4.9502  -106.03
 12 1945    0.0002   1.9678   0.2539  19.8299  24.4104    5.5023  -108.38
 12 1946    0.0003   1.6627   0.2257  19.6758  23.9231    6.0011  -110.56
 12 1947    0.0002   1.4037   0.2013  19.5164  23.4801    6.4503  -112.62
 12 1948    0.0002   1.1855   0.1804  19.3531  23.0777    6.8594  -114.56
 12 1949    0.0003   1.0022   0.1625  19.1869  22.7104    7.2348  -116.39
 12 1950    0.0002   0.8476   0.1473  19.0184  22.3720    7.5809  -118.12
 12 1951    0.0002   0.7169   0.1342  18.8483  22.0582    7.9019  -119.77
 12 1952    0.0004   0.6077   0.1232  18.6772  21.7669    8.2023  -121.34
 12 1953    0.0005   0.5173   0.1140  18.5058  21.4960    8.4868  -122.84
 12 1954    0.0002   0.4386   0.1057  18.3337  21.2368    8.7531  -124.31
 12 1955    0.0003   0.3731   0.0988  18.1618  20.9925    9.0066  -125.72
 12 1956    0.0003   0.3177   0.0928  17.9902  20.7595    9.2484  -127.08
 12 1957    0.0003   0.2718   0.0878  17.8192  20.5375    9.4811  -128.40
 12 1958    0.0002   0.2319   0.0832  17.6487  20.3225    9.7036  -129.69
 12 1959    0.0004   0.1996   0.0795  17.4793  20.1173    9.9199  -130.91
 12 1960    0.0003   0.1723   0.0763  17.3109  19.9183   10.1299  -132.14
 12 1961    0.0001   0.1460   0.0730  17.1430  19.7206   10.3298  -133.43
 12 1962    0.0001   0.1240   0.0702  16.9762  19.5290   10.5240  -134.69
 12 1963    0.0001   0.1061   0.0678  16.8106  19.3431   10.7140  -135.86
 12 1964    0.0001   0.0904   0.0657  16.6463  19.1609   10.8988  -137.08
 12 1965    0.0001   0.0771   0.0638  16.4832  18.9826   11.0796  -138.30
 12 1966    0.0001   0.0663   0.0622  16.3215  18.8085   11.2573  -139.50
 12 1967    0.0001   0.0573   0.0607  16.1612  18.6377   11.4318  -140.71
 12 1968    0.0001   0.0493   0.0594  16.0022  18.4694   11.6029  -141.94
 12 1969    0.0001   0.0424   0.0581  15.8446  18.3038   11.7710  -143.18
 12 1970    0.0001   0.0368   0.0570  15.6885  18.1409   11.9367  -144.42
 12 1971    0.0001   0.0320   0.0560  15.5338  17.9804   12.0999  -145.67
 12 1972    0.0000   0.0275   0.0550  15.3804  17.8215   12.2602  -146.93
 12 1973    0.0000   0.0238   0.0541  15.2284  17.6649   12.4184  -148.20
 12 1974    0.0001   0.0211   0.0534  15.0780  17.5110   12.5751  -149.45
 12 1975    0.0000   0.0185   0.0526  14.9289  17.3586   12.7295  -150.72
 12 1976    0.0001   0.0165   0.0519  14.7813  17.2083   12.8821  -151.99
 12 1977    0.0001   0.0147   0.0512  14.6351  17.0596   13.0329  -153.27
 12 1978    0.0000   0.0133   0.0506  14.4904  16.9128   13.1822  -154.55
 12 1979    0.0000   0.0121   0.0500  14.3470  16.7677   13.3298  -155.84
 12 1980    0.0001   0.0113   0.0494  14.2051  16.6244   13.4760  -157.13
 12 1981    0.0001   0.0107   0.0489  14.0646  16.4828   13.6208  -158.42
 12 1982    0.0001   0.0099   0.0484  13.9254  16.3422   13.7638  -159.74
 12 1983    0.0001   0.0093   0.0478  13.7876  16.2032   13.9052  -161.05
 12 1984    0.0001   0.0087   0.0434  13.6457  16.0563   14.0545  -162.47
 12 1985    0.0000   0.0082   0.0401  13.5052  15.9120   14.2012  -163.88
 12 1986    0.0001   0.0080   0.0377  13.3660  15.7703   14.3457  -165.29
 12 1987    0.0001   0.0079   0.0360  13.2283  15.6307   14.4884  -166.70
 12 1988    0.0001   0.0076   0.0346  13.0919  15.4927   14.6290  -168.12
 12 1989    0.0001   0.0071   0.0335  12.9569  15.3561   14.7675  -169.56
 12 1990    0.0001   0.0070   0.0327  12.8233  15.2215   14.9047  -170.99
 12 1991    0.0001   0.0072   0.0321  12.6911  15.0889   15.0409  -172.42
 12 1992    0.0001   0.0070   0.0315  12.5602  14.9572   15.1751  -173.87
 12 1993    0.0001   0.0068   0.0310  12.4306  14.8270   15.3079  -175.33
 12 1994    0.0001   0.0071   0.0306  12.3024  14.6986   15.4397  -176.79
 12 1995    0.0001   0.0072   0.0302  12.1756  14.5716   15.5702  -178.26
 12 1996    0.0001   0.0071   0.0298  12.0500  14.4454   15.6990  -179.74
 12 1997    0.0001   0.0069   0.0294  11.9257  14.3205   15.8263  -181.24
 12 1998    0.0001   0.0068   0.0291  11.8027  14.1972   15.9524  -182.74
 12 1999    0.0001   0.0067   0.0288  11.6810  14.0750   16.0772  -184.25
 12 2000    0.0000   0.0062   0.0284  11.5604  13.9536   16.2001  -185.79
 12 2001    0.0000   0.0058   0.0281  11.4411  13.8336   16.3217  -187.32
 12 2002    0.0001   0.0059   0.0278  11.3231  13.7154   16.4427  -188.86
 12 2003    0.0003   0.0079   0.0303  11.2393  13.6362   16.5290  -189.91
 12 2004    0.0006   0.0125   0.0325  11.1567  13.5608   16.6192  -190.91
 12 2005    0.0014   0.0226   0.0351  11.0760  13.4936   16.7173  -191.75
 12 2006    0.0014   0.0301   0.0370  10.9959  13.4229   16.8152  -192.68
 12 2007    0.0002   0.0281   0.0374  10.9151  13.3392   16.9032  -193.87
 12 2008    0.0007   0.0290   0.0378  10.8352  13.2611   16.9925  -194.97
 12 2009    0.0005   0.0279   0.0379  10.7556  13.1804   17.0796  -196.14
 12 2010    0.0007   0.0294   0.0382  10.6770  13.1038   17.1690  -197.24
 12 2011    0.0011   0.0319   0.0385  10.5993  13.0293   17.2595  -198.32
 12 2012    0.0003   0.0297   0.0383  10.5215  12.9482   17.3450  -199.54
 12 2013    0.0002   0.0278   0.0379  10.4441  12.8686   17.4289  -200.75
 12 2014    0.0003   0.0261   0.0375  10.3673  12.7897   17.5120  -201.96
 12 2015    0.0002   0.0242   0.0371  10.2910  12.7110   17.5940  -203.19
 12 2016    0.0001   0.0219   0.0367  10.2151  12.6322   17.6743  -204.43
 12 2017    0.0003   0.0206   0.0363  10.1398  12.5554   17.7546  -205.65
 12 2018    0.0002   0.0188   0.0359  10.0650  12.4784   17.8335  -206.89
 12 2019    0.0002   0.0173   0.0355   9.9907  12.4021   17.9117  -208.13
 12 2020    0.0001   0.0156   0.0351   9.9168  12.3260   17.9887  -209.38
 12 2021    0.0003   0.0154   0.0348   9.8437  12.2527   18.0665  -210.60
 12 2022    0.0005   0.0163   0.0347   9.7714  12.1814   18.1450  -211.78
 12 2023    0.0006   0.0197   0.0350   9.7001  12.1138   18.2269  -212.90
 12 2024    0.0009   0.0227   0.0352   9.6293  12.0466   18.3082  -214.03
 12 2025    0.0007   0.0289   0.0358   9.5599  11.9838   18.3949  -215.08
 12 2026    0.0012   0.0316   0.0359   9.4905  11.9178   18.4772  -216.21
 12 2027    0.0008   0.0377   0.0366   9.4225  11.8561   18.5656  -217.25
 12 2028    0.0009   0.0411   0.0367   9.3546  11.7918   18.6507  -218.37
 12 2029    0.0008   0.0474   0.0374   9.2881  11.7322   18.7408  -219.40
 12 2030    0.0010   0.0469   0.0370   9.2208  11.6642   18.8224  -220.63
 12 2031    0.0008   0.0501   0.0372   9.1549  11.6015   18.9089  -221.76
 12 2032    0.0012   0.0503   0.0369   9.0889  11.5357   18.9910  -222.97
 12 2033    0.0009   0.0543   0.0372   9.0242  11.4751   19.0785  -224.08
 12 2034    0.0038   0.0603   0.0375   8.9600  11.4201   19.1659  -225.06
 12 2035    0.0010   0.0664   0.0384   8.8974  11.3617   19.2604  -226.14
 12 2036    0.0010   0.0648   0.0379   8.8336  11.2958   19.3430  -227.41
 12 2037    0.0008   0.0671   0.0379   8.7711  11.2354   19.4305  -228.57
 12 2038    0.0009   0.0645   0.0373   8.7081  11.1692   19.5110  -229.88
 12 2039    0.0011   0.0658   0.0372   8.6462  11.1088   19.5956  -231.06
 12 2040    0.0010   0.0631   0.0366   8.5841  11.0432   19.6747  -232.39
 12 2041    0.0008   0.0649   0.0367   8.5232  10.9841   19.7591  -233.57
 12 2042    0.0012   0.0635   0.0362   8.4622  10.9215   19.8384  -234.86
 12 2043    0.0009   0.0655   0.0363   8.4023  10.8635   19.9224  -236.04
 12 2044    0.0009   0.0619   0.0356   8.3418  10.7987   19.9984  -237.41
 12 2045    0.0008   0.0623   0.0355   8.2824  10.7395   20.0787  -238.66
 12 2046    0.0017   0.0611   0.0350   8.2230  10.6793   20.1550  -239.95
 12 2047    0.0009   0.0630   0.0352   8.1648  10.6224   20.2368  -241.16
 12 2048    0.0009   0.0620   0.0348   8.1064  10.5626   20.3137  -242.47
