MON   YR       DPM      RPM      BIO      HUM    TOTAL       CO2     D14C
 12 1940    0.0000   4.0892   0.4240  18.2737  24.8869    1.7301   -94.75
 12 1941    0.0323   3.9333   0.4401  18.2683  24.7740    3.1530   -95.85
 12 1942    0.0068   3.4243   0.3994  18.1949  24.1254    4.0967   -98.45
 12 1943    0.0083   2.9782   0.3593  18.1050  23.5509    4.9183  -100.88
 12 1944    0.0069   2.5792   0.3217  18.0025  23.0103    5.6430  -103.23
 12 1945    0.0062   2.2409   0.2894  17.8920  22.5285    6.3038  -105.53
 12 1946    0.0081   2.0021   0.2683  17.7844  22.1628    6.9753  -107.49
 12 1947    0.0063   1.7497   0.2429  17.6632  21.7621    7.5426  -109.50
 12 1948    0.0059   1.5413   0.2220  17.5384  21.4076    8.0753  -111.35
 12 1949    0.0068   1.3796   0.2062  17.4130  21.1057    8.5935  -113.03
 12 1950    0.0059   1.2397   0.1924  17.2850  20.8230    9.0832  -114.55
 12 1951    0.0048   1.1146   0.1795  17.1540  20.5530    9.5415  -116.04
 12 1952    0.0095   1.0313   0.1714  17.0248  20.3371   10.0020  -117.31
 12 1953    0.0126   1.0053   0.1709  16.9038  20.1925   10.5095  -118.28
 12 1954    0.0059   0.9170   0.1612  16.7721  19.9563   10.9325  -119.61
 12 1955    0.0076   0.8648   0.1557  16.6431  19.7712   11.3638  -120.60
 12 1956    0.0070   0.8171   0.1506  16.5138  19.5884   11.7826  -121.45
 12 1957    0.0070   0.7951   0.1487  16.3884  19.4393   12.2187  -121.67
 12 1958    0.0058   0.7447   0.1425  16.2577  19.2507   12.6073  -122.02
 12 1959    0.0120   0.7387   0.1420  16.1329  19.1256   13.0274  -120.91
 12 1960    0.0080   0.7319   0.1420  16.0105  18.9925   13.4544  -120.53
 12 1961    0.0016   0.6379   0.1293  15.8726  18.7414   13.7620  -122.23
 12 1962    0.0018   0.5638   0.1191  15.7342  18.5189   14.0549  -123.41
 12 1963    0.0024   0.5159   0.1128  15.5983  18.3293   14.3544  -122.22
 12 1964    0.0019   0.4605   0.1055  15.4598  18.1276   14.6251  -122.46
 12 1965    0.0016   0.4133   0.0993  15.3214  17.9356   14.8851  -123.07
 12 1966    0.0023   0.3834   0.0955  15.1851  17.7664   15.1488  -123.13
 12 1967    0.0023   0.3597   0.0926  15.0498  17.6044   15.4092  -123.37
 12 1968    0.0018   0.3310   0.0889  14.9138  17.4354   15.6534  -124.33
 12 1969    0.0014   0.3028   0.0851  14.7777  17.2670   15.8862  -125.56
 12 1970    0.0014   0.2828   0.0825  14.6431  17.1098   16.1183  -126.62
 12 1971    0.0017   0.2650   0.0800  14.5091  16.9559   16.3442  -127.72
 12 1972    0.0012   0.2381   0.0763  14.3738  16.7894   16.5501  -129.42
 12 1973    0.0012   0.2164   0.0732  14.2394  16.6302   16.7515  -130.99
 12 1974    0.0014   0.2100   0.0723  14.1082  16.4919   16.9648  -131.97
 12 1975    0.0012   0.1969   0.0704  13.9767  16.3452   17.1654  -133.30
 12 1976    0.0017   0.1885   0.0691  13.8466  16.2059   17.3654  -134.49
 12 1977    0.0014   0.1797   0.0677  13.7174  16.0662   17.5614  -135.79
 12 1978    0.0012   0.1764   0.0671  13.5901  15.9348   17.7604  -136.93
 12 1979    0.0012   0.1727   0.0663  13.4638  15.8040   17.9564  -138.12
 12 1980    0.0022   0.1739   0.0662  13.3393  15.6816   18.1550  -139.14
 12 1981    0.0023   0.1790   0.0666  13.2170  15.5648   18.3589  -140.08
 12 1982    0.0017   0.1744   0.0657  13.0944  15.4362   18.5511  -141.37
 12 1983    0.0016   0.1713   0.0649  12.9730  15.3108   18.7419  -142.63
 12 1984    0.0016   0.1674   0.0587  12.8452  15.1730   18.9417  -144.11
 12 1985    0.0013   0.1648   0.0543  12.7187  15.0391   19.1398  -145.55
 12 1986    0.0018   0.1673   0.0515  12.5940  14.9146   19.3410  -146.82
 12 1987    0.0025   0.1715   0.0497  12.4707  14.7944   19.5428  -148.04
 12 1988    0.0019   0.1702   0.0479  12.3482  14.6682   19.7378  -149.43
 12 1989    0.0014   0.1623   0.0459  12.2260  14.5355   19.9212  -151.00
 12 1990    0.0017   0.1629   0.0450  12.1058  14.4153   20.1117  -152.34
 12 1991    0.0021   0.1728   0.0453  11.9882  14.3083   20.3147  -153.43
 12 1992    0.0018   0.1702   0.0444  11.8704  14.1867   20.5023  -154.85
 12 1993    0.0016   0.1687   0.0437  11.7539  14.0679   20.6893  -156.25
 12 1994    0.0022   0.1765   0.0440  11.6398  13.9626   20.8871  -157.41
 12 1995    0.0022   0.1825   0.0442  11.5269  13.8559   21.0847  -158.62
 12 1996    0.0017   0.1803   0.0436  11.4144  13.7400   21.2721  -160.04
 12 1997    0.0014   0.1758   0.0428  11.3025  13.6225   21.4538  -161.52
 12 1998    0.0014   0.1754   0.0424  11.1923  13.5115   21.6387  -162.90
 12 1999    0.0017   0.1742   0.0420  11.0830  13.4008   21.8205  -164.30
 12 2000    0.0012   0.1615   0.0404  10.9731  13.2763   21.9844  -165.99
 12 2001    0.0012   0.1518   0.0392  10.8644  13.1566   22.1462  -167.62
 12 2002    0.0015   0.1551   0.0394  10.7583  13.0542   22.3223  -168.95
 12 2003    0.0068   0.2026   0.0490  10.6923  13.0507   22.5011  -168.62
 12 2004    0.0094   0.2609   0.0595  10.6314  13.0611   22.7109  -168.05
 12 2005    0.0300   0.4567   0.0873  10.5968  13.2708   23.1027  -163.89
 12 2006    0.0266   0.5413   0.1001  10.5520  13.3200   23.4205  -162.70
 12 2007    0.0035   0.4966   0.0957  10.4892  13.1850   23.6090  -164.76
 12 2008    0.0181   0.5508   0.1020  10.4391  13.2100   23.8831  -164.03
 12 2009    0.0098   0.5467   0.1019  10.3834  13.1418   24.1145  -164.94
 12 2010    0.0100   0.5477   0.1017  10.3280  13.0873   24.3448  -165.62
 12 2011    0.0353   0.6240   0.1100  10.2836  13.1529   24.6496  -164.25
 12 2012    0.0115   0.6189   0.1111  10.2334  13.0749   24.9109  -165.34
 12 2013    0.0187   0.6894   0.1201  10.1942  13.1223   25.2461  -164.31
 12 2014    0.0187   0.7314   0.1255  10.1534  13.1290   25.5684  -163.98
 12 2015    0.0189   0.7651   0.1295  10.1131  13.1266   25.8914  -163.80
 12 2016    0.0169   0.7774   0.1307  10.0706  13.0956   26.1963  -164.12
 12 2017    0.0178   0.8071   0.1342  10.0318  13.0909   26.5251  -164.01
 12 2018    0.0309   0.8617   0.1401   9.9972  13.1300   26.8814  -163.19
 12 2019    0.0169   0.8664   0.1414   9.9593  13.0840   27.2121  -163.76
 12 2020    0.0140   0.8957   0.1451   9.9258  13.0806   27.5710  -163.63
 12 2021    0.0162   0.9198   0.1476   9.8919  13.0755   27.9257  -163.54
 12 2022    0.0290   0.9696   0.1529   9.8620  13.1135   28.3063  -162.76
 12 2023    0.0095   0.9150   0.1462   9.8190  12.9897   28.5930  -164.60
 12 2024    0.0222   0.9777   0.1536   9.7924  13.0459   28.9924  -163.52
 12 2025    0.0186   0.9952   0.1558   9.7618  13.0314   29.3628  -163.60
 12 2026    0.0255   1.0341   0.1602   9.7349  13.0547   29.7567  -163.06
 12 2027    0.0220   1.0618   0.1639   9.7089  13.0566   30.1554  -162.88
 12 2028    0.0120   1.0681   0.1651   9.6815  13.0267   30.5431  -163.20
 12 2029    0.0204   1.0855   0.1662   9.6540  13.0261   30.9281  -163.06
 12 2030    0.0125   1.0643   0.1633   9.6224  12.9624   31.2824  -163.92
 12 2031    0.0298   1.1441   0.1728   9.6057  13.0524   31.7400  -162.36
 12 2032    0.0198   1.1638   0.1760   9.5845  13.0441   32.1650  -162.34
 12 2033    0.0315   1.2180   0.1822   9.5677  13.0994   32.6196  -161.32
 12 2034    0.0251   1.2169   0.1819   9.5448  13.0687   33.0308  -161.65
 12 2035    0.0204   1.2020   0.1797   9.5195  13.0215   33.4229  -162.25
 12 2036    0.0173   1.1893   0.1777   9.4941  12.9785   33.8134  -162.78
 12 2037    0.0211   1.1982   0.1783   9.4716  12.9692   34.2223  -162.78
 12 2038    0.0182   1.2072   0.1797   9.4506  12.9557   34.6409  -162.84
 12 2039    0.0406   1.2261   0.1799   9.4284  12.9749   35.0488  -162.41
 12 2040    0.0126   1.1522   0.1717   9.3959  12.8323   35.3836  -164.52
 12 2041    0.0202   1.1644   0.1728   9.3728  12.8302   35.7827  -164.41
 12 2042    0.0225   1.1694   0.1733   9.3495  12.8147   36.1793  -164.51
 12 2043    0.0218   1.1608   0.1720   9.3245  12.7791   36.5619  -164.94
 12 2044    0.0202   1.1436   0.1697   9.2977  12.7313   36.9306  -165.56
 12 2045    0.0192   1.1357   0.1687   9.2722  12.6958   37.3066  -165.99
 12 2046    0.0371   1.1778   0.1731   9.2531  12.7411   37.7266  -165.12
 12 2047    0.0185   1.1496   0.1708   9.2275  12.6663   38.0990  -166.19
 12 2048    0.0157   1.1653   0.1732   9.2080  12.6622   38.5135  -166.12
