MON   YR       DPM      RPM      BIO      HUM    TOTAL       CO2     D14C
 12 1940    0.0000   4.0892   0.4240  18.2737  24.8869    1.7301   -94.75
 12 1941    0.0323   3.9333   0.4401  18.2683  24.7740    3.1530   -95.85
 12 1942    0.0068   3.4243   0.3994  18.1949  24.1254    4.0967   -98.45
 12 1943    0.0083   2.9782   0.3593  18.1050  23.5509    4.9183  -100.88
 12 1944    0.0069   2.5792   0.3217  18.0025  23.0103    5.6430  -103.23
 12 1945    0.0062   2.2409   0.2894  17.8920  22.5285    6.3038  -105.53
 12 1946    0.0081   2.0021   0.2683  17.7844  22.1628    6.9753  -107.49
 12 1947    0.0063   1.7497   0.2429  17.6632  21.7621    7.5426  -109.50
 12 1948    0.0059   1.5413   0.2220  17.5384  21.4076    8.0753  -111.35
 12 1949    0.0068   1.3796   0.2062  17.4130  21.1057    8.5935  -113.03
 12 1950    0.0059   1.2397   0.1924  17.2850  20.8230    9.0832  -114.55
 12 1951    0.0048   1.1146   0.1795  17.1540  20.5530    9.5415  -116.04
 12 1952    0.0095   1.0313   0.1714  17.0248  20.3371   10.0020  -117.31
 12 1953    0.0126   1.0053   0.1709  16.9038  20.1925   10.5095  -118.28
 12 1954    0.0059   0.9170   0.1612  16.7721  19.9563   10.9325  -119.61
 12 1955    0.0076   0.8648   0.1557  16.6431  19.7712   11.3638  -120.60
 12 1956    0.0070   0.8171   0.1506  16.5138  19.5884   11.7826  -121.45
 12 1957    0.0070   0.7951   0.1487  16.3884  19.4393   12.2187  -121.67
 12 1958    0.0058   0.7447   0.1425  16.2577  19.2507   12.6073  -122.02
 12 1959    0.0120   0.7387   0.1420  16.1329  19.1256   13.0274  -120.91
 12 1960    0.0080   0.7319   0.1420  16.0105  18.9925   13.4544  -120.53
 12 1961    0.0016   0.6379   0.1293  15.8726  18.7414   13.7620  -122.23
 12 1962    0.0018   0.5638   0.1191  15.7342  18.5189   14.0549  -123.41
 12 1963    0.0024   0.5159   0.1128  15.5983  18.3293   14.3544  -122.22
 12 1964    0.0019   0.4605   0.1055  15.4598  18.1276   14.6251  -122.46
 12 1965    0.0016   0.4133   0.0993  15.3214  17.9356   14.8851  -123.07
 12 1966    0.0023   0.3834   0.0955  15.1851  17.7664   15.1488  -123.13
 12 1967    0.0023   0.3597   0.0926  15.0498  17.6044   15.4092  -123.37
 12 1968    0.0018   0.3310   0.0889  14.9138  17.4354   15.6534  -124.33
 12 1969    0.0014   0.3028   0.0851  14.7777  17.2670   15.8862  -125.56
 12 1970    0.0014   0.2828   0.0825  14.6431  17.1098   16.1183  -126.62
 12 1971    0.0017   0.2650   0.0800  14.5091  16.9559   16.3442  -127.72
 12 1972    0.0012   0.2381   0.0763  14.3738  16.7894   16.5501  -129.42
 12 1973    0.0012   0.2164   0.0732  14.2394  16.6302   16.7515  -130.99
 12 1974    0.0014   0.2100   0.0723  14.1082  16.4919   16.9648  -131.97
 12 1975    0.0012   0.1969   0.0704  13.9767  16.3452   17.1654  -133.30
 12 1976    0.0017   0.1885   0.0691  13.8466  16.2059   17.3654  -134.49
 12 1977    0.0014   0.1797   0.0677  13.7174  16.0662   17.5614  -135.79
 12 1978    0.0012   0.1764   0.0671  13.5901  15.9348   17.7604  -136.93
 12 1979    0.0012   0.1727   0.0663  13.4638  15.8040   17.9564  -138.12
 12 1980    0.0022   0.1739   0.0662  13.3393  15.6816   18.1550  -139.14
 12 1981    0.0023   0.1790   0.0666  13.2170  15.5648   18.3589  -140.08
 12 1982    0.0017   0.1744   0.0657  13.0944  15.4362   18.5511  -141.37
 12 1983    0.0016   0.1713   0.0649  12.9730  15.3108   18.7419  -142.63
 12 1984    0.0016   0.1674   0.0587  12.8452  15.1730   18.9417  -144.11
 12 1985    0.0013   0.1648   0.0543  12.7187  15.0391   19.1398  -145.55
 12 1986    0.0018   0.1673   0.0515  12.5940  14.9146   19.3410  -146.82
 12 1987    0.0025   0.1715   0.0497  12.4707  14.7944   19.5428  -148.04
 12 1988    0.0019   0.1702   0.0479  12.3482  14.6682   19.7378  -149.43
 12 1989    0.0014   0.1623   0.0459  12.2260  14.5355   19.9212  -151.00
 12 1990    0.0017   0.1629   0.0450  12.1058  14.4153   20.1117  -152.34
 12 1991    0.0021   0.1728   0.0453  11.9882  14.3083   20.3147  -153.43
 12 1992    0.0018   0.1702   0.0444  11.8704  14.1867   20.5023  -154.85
 12 1993    0.0016   0.1687   0.0437  11.7539  14.0679   20.6893  -156.25
 12 1994    0.0022   0.1765   0.0440  11.6398  13.9626   20.8871  -157.41
 12 1995    0.0022   0.1825   0.0442  11.5269  13.8559   21.0847  -158.62
 12 1996    0.0017   0.1803   0.0436  11.4144  13.7400   21.2721  -160.04
 12 1997    0.0014   0.1758   0.0428  11.3025  13.6225   21.4538  -161.52
 12 1998    0.0014   0.1754   0.0424  11.1923  13.5115   21.6387  -162.90
 12 1999    0.0017   0.1742   0.0420  11.0830  13.4008   21.8205  -164.30
 12 2000    0.0012   0.1615   0.0404  10.9731  13.2763   21.9844  -165.99
 12 2001    0.0012   0.1518   0.0392  10.8644  13.1566   22.1462  -167.62
 12 2002    0.0015   0.1551   0.0394  10.7583  13.0542   22.3223  -168.95
 12 2003    0.0075   0.2008   0.0490  10.6832  13.0406   22.5112  -168.75
 12 2004    0.0367   0.4341   0.0825  10.6430  13.2963   22.9399  -163.62
 12 2005    0.0285   0.5549   0.1015  10.5966  13.3816   23.3230  -161.73
 12 2006    0.0378   0.6528   0.1147  10.5493  13.4546   23.6963  -160.10
 12 2007    0.0040   0.5957   0.1091  10.4836  13.2923   23.9368  -162.55
 12 2008    0.0074   0.5644   0.1038  10.4164  13.1920   24.1629  -163.96
 12 2009    0.0077   0.5502   0.1016  10.3521  13.1116   24.4043  -165.04
 12 2010    0.0165   0.5814   0.1051  10.2950  13.0980   24.6920  -164.97
 12 2011    0.0220   0.6002   0.1071  10.2374  13.0666   24.9729  -165.23
 12 2012    0.0159   0.6105   0.1089  10.1810  13.0163   25.2585  -165.82
 12 2013    0.0254   0.7297   0.1249  10.1444  13.1244   25.6795  -163.72
 12 2014    0.0299   0.7961   0.1332  10.1035  13.1627   26.0679  -162.83
 12 2015    0.0227   0.8458   0.1400  10.0646  13.1732   26.4678  -162.41
 12 2016    0.0246   0.8622   0.1412  10.0205  13.1485   26.8283  -162.60
 12 2017    0.0278   0.9272   0.1494   9.9866  13.1909   27.2576  -161.69
 12 2018    0.0369   0.9880   0.1563   9.9539  13.2350   27.6929  -160.77
 12 2019    0.0260   1.0172   0.1604   9.9209  13.2246   28.1249  -160.74
 12 2020    0.0270   1.0501   0.1641   9.8888  13.2300   28.5601  -160.45
 12 2021    0.0255   1.0991   0.1703   9.8621  13.2570   29.0313  -159.82
 12 2022    0.0303   1.1133   0.1708   9.8299  13.2443   29.4625  -159.83
 12 2023    0.0085   1.0231   0.1590   9.7827  13.0734   29.7859  -162.36
 12 2024    0.0402   1.1506   0.1741   9.7660  13.2309   30.3200  -159.68
 12 2025    0.0186   1.1444   0.1745   9.7366  13.1742   30.7647  -160.39
 12 2026    0.0658   1.2640   0.1867   9.7213  13.3378   31.3061  -157.67
 12 2027    0.0143   1.2050   0.1821   9.6908  13.1923   31.7397  -159.74
 12 2028    0.0463   1.2761   0.1887   9.6721  13.2832   32.2543  -158.17
 12 2029    0.0130   1.2032   0.1806   9.6378  13.1347   32.6579  -160.29
 12 2030    0.0418   1.2554   0.1850   9.6162  13.1984   33.1484  -159.13
 12 2031    0.0157   1.2130   0.1810   9.5865  13.0961   33.5803  -160.56
 12 2032    0.0582   1.3425   0.1954   9.5781  13.2743   34.1605  -157.67
 12 2033    0.0208   1.3057   0.1930   9.5546  13.1741   34.6342  -159.02
 12 2034    0.0613   1.4169   0.2048   9.5471  13.3301   35.2182  -156.49
 12 2035    0.0168   1.3361   0.1966   9.5197  13.1692   35.6622  -158.76
 12 2036    0.0407   1.4072   0.2042   9.5091  13.2611   36.2221  -157.21
 12 2037    0.0191   1.3783   0.2015   9.4888  13.1877   36.7139  -158.16
 12 2038    0.0502   1.4802   0.2129   9.4851  13.3284   37.3205  -155.88
 12 2039    0.0214   1.4050   0.2041   9.4600  13.1905   37.7765  -157.80
 12 2040    0.0366   1.4095   0.2030   9.4413  13.1903   38.2752  -157.65
 12 2041    0.0145   1.3396   0.1948   9.4140  13.0630   38.7132  -159.43
 12 2042    0.0594   1.4462   0.2060   9.4080  13.2197   39.2985  -156.89
 12 2043    0.0248   1.3973   0.2020   9.3878  13.1119   39.7834  -158.36
 12 2044    0.0571   1.4509   0.2065   9.3759  13.1904   40.3259  -157.01
 12 2045    0.0189   1.3726   0.1987   9.3510  13.0411   40.7759  -159.13
 12 2046    0.0853   1.5221   0.2140   9.3515  13.2729   41.4029  -155.50
 12 2047    0.0205   1.4388   0.2077   9.3320  13.0990   41.8894  -157.95
 12 2048    0.0452   1.5296   0.2182   9.3312  13.2242   42.5063  -155.93
