MON   YR       DPM      RPM      BIO      HUM    TOTAL       CO2     D14C
 12 1940    0.0000   4.0892   0.4240  18.2737  24.8869    1.7301   -94.75
 12 1941    0.0335   3.9504   0.4425  18.2714  24.7977    3.1751   -95.78
 12 1942    0.0068   3.4387   0.4014  18.1985  24.1454    4.1225   -98.39
 12 1943    0.0083   2.9904   0.3609  18.1090  23.5686    4.9464  -100.82
 12 1944    0.0069   2.5895   0.3231  18.0066  23.0260    5.6731  -103.18
 12 1945    0.0063   2.2495   0.2904  17.8964  22.5426    6.3355  -105.48
 12 1946    0.0083   2.0095   0.2692  17.7888  22.1759    7.0081  -107.44
 12 1947    0.0066   1.7560   0.2437  17.6677  21.7740    7.5766  -109.45
 12 1948    0.0061   1.5467   0.2227  17.5431  21.4185    8.1103  -111.31
 12 1949    0.0075   1.3844   0.2068  17.4177  21.1163    8.6288  -112.99
 12 1950    0.0064   1.2439   0.1929  17.2897  20.8328    9.1193  -114.51
 12 1951    0.0053   1.1182   0.1799  17.1587  20.5622    9.5781  -116.00
 12 1952    0.0099   1.0345   0.1718  17.0296  20.3457   10.0393  -117.27
 12 1953    0.0122   1.0076   0.1712  16.9087  20.1997   10.5482  -118.25
 12 1954    0.0061   0.9191   0.1615  16.7769  19.9636   10.9711  -119.58
 12 1955    0.0073   0.8664   0.1559  16.6480  19.7776   11.4033  -120.57
 12 1956    0.0061   0.8181   0.1507  16.5188  19.5937   11.8233  -121.43
 12 1957    0.0074   0.7961   0.1488  16.3932  19.4454   12.2585  -121.64
 12 1958    0.0060   0.7456   0.1426  16.2624  19.2567   12.6472  -121.98
 12 1959    0.0109   0.7389   0.1421  16.1379  19.1298   13.0691  -120.91
 12 1960    0.0084   0.7323   0.1420  16.0153  18.9980   13.4948  -120.50
 12 1961    0.0015   0.6382   0.1293  15.8774  18.7464   13.8029  -122.21
 12 1962    0.0017   0.5640   0.1191  15.7389  18.5237   14.0959  -123.39
 12 1963    0.0025   0.5161   0.1128  15.6029  18.3343   14.3954  -122.19
 12 1964    0.0018   0.4606   0.1055  15.4644  18.1322   14.6663  -122.45
 12 1965    0.0016   0.4134   0.0993  15.3260  17.9402   14.9263  -123.05
 12 1966    0.0022   0.3834   0.0956  15.1896  17.7708   15.1902  -123.12
 12 1967    0.0024   0.3597   0.0926  15.0543  17.6090   15.4505  -123.35
 12 1968    0.0018   0.3310   0.0889  14.9183  17.4400   15.6946  -124.30
 12 1969    0.0014   0.3029   0.0851  14.7821  17.2716   15.9275  -125.54
 12 1970    0.0015   0.2829   0.0825  14.6474  17.1144   16.1595  -126.59
 12 1971    0.0018   0.2652   0.0801  14.5134  16.9604   16.3855  -127.69
 12 1972    0.0012   0.2382   0.0763  14.3781  16.7938   16.5915  -129.40
 12 1973    0.0012   0.2165   0.0733  14.2436  16.6345   16.7930  -130.97
 12 1974    0.0015   0.2101   0.0724  14.1124  16.4963   17.0062  -131.94
 12 1975    0.0013   0.1970   0.0705  13.9808  16.3495   17.2069  -133.27
 12 1976    0.0017   0.1886   0.0691  13.8507  16.2102   17.4070  -134.46
 12 1977    0.0014   0.1798   0.0678  13.7214  16.0704   17.6030  -135.76
 12 1978    0.0013   0.1764   0.0671  13.5941  15.9389   17.8021  -136.90
 12 1979    0.0012   0.1727   0.0664  13.4678  15.8081   17.9981  -138.09
 12 1980    0.0022   0.1739   0.0662  13.3433  15.6855   18.1968  -139.11
 12 1981    0.0020   0.1788   0.0666  13.2209  15.5684   18.4011  -140.06
 12 1982    0.0017   0.1743   0.0657  13.0983  15.4400   18.5931  -141.35
 12 1983    0.0016   0.1711   0.0649  12.9768  15.3144   18.7840  -142.61
 12 1984    0.0014   0.1672   0.0587  12.8491  15.1764   18.9840  -144.09
 12 1985    0.0013   0.1646   0.0543  12.7225  15.0427   19.1820  -145.52
 12 1986    0.0019   0.1672   0.0515  12.5977  14.9183   19.3831  -146.79
 12 1987    0.0022   0.1713   0.0497  12.4745  14.7977   19.5853  -148.02
 12 1988    0.0020   0.1700   0.0479  12.3519  14.6718   19.7800  -149.41
 12 1989    0.0013   0.1621   0.0459  12.2296  14.5389   19.9636  -150.98
 12 1990    0.0017   0.1627   0.0450  12.1094  14.4188   20.1540  -152.31
 12 1991    0.0022   0.1727   0.0453  11.9917  14.3118   20.3570  -153.40
 12 1992    0.0016   0.1701   0.0444  11.8739  14.1899   20.5449  -154.83
 12 1993    0.0016   0.1686   0.0437  11.7574  14.0712   20.7318  -156.23
 12 1994    0.0021   0.1763   0.0440  11.6432  13.9657   20.9298  -157.39
 12 1995    0.0022   0.1823   0.0442  11.5303  13.8590   21.1273  -158.60
 12 1996    0.0017   0.1802   0.0436  11.4177  13.7433   21.3145  -160.01
 12 1997    0.0014   0.1757   0.0428  11.3058  13.6257   21.4963  -161.49
 12 1998    0.0015   0.1754   0.0424  11.1955  13.5149   21.6811  -162.87
 12 1999    0.0017   0.1742   0.0420  11.0862  13.4041   21.8629  -164.27
 12 2000    0.0012   0.1614   0.0404  10.9764  13.2794   22.0269  -165.96
 12 2001    0.0011   0.1517   0.0392  10.8676  13.1597   22.1888  -167.59
 12 2002    0.0015   0.1551   0.0394  10.7614  13.0573   22.3649  -168.92
 12 2003    0.0065   0.2005   0.0491  10.6865  13.0426   22.5548  -168.74
 12 2004    0.0114   0.2541   0.0588  10.6157  13.0400   22.7686  -168.36
 12 2005    0.0242   0.3385   0.0714  10.5524  13.0865   23.0302  -167.09
 12 2006    0.0201   0.3889   0.0799  10.4890  13.0778   23.2872  -166.86
 12 2007    0.0043   0.3723   0.0792  10.4176  12.9735   23.4841  -168.38
 12 2008    0.0028   0.3407   0.0748  10.3418  12.8602   23.6444  -170.09
 12 2009    0.0071   0.3468   0.0755  10.2715  12.8009   23.8391  -170.82
 12 2010    0.0085   0.3556   0.0767  10.2029  12.7437   24.0406  -171.53
 12 2011    0.0199   0.3972   0.0816  10.1399  12.7387   24.2772  -171.31
 12 2012    0.0076   0.3867   0.0810  10.0725  12.6479   24.4785  -172.65
 12 2013    0.0119   0.4205   0.0852  10.0117  12.6293   24.7217  -172.68
 12 2014    0.0104   0.4254   0.0857   9.9481  12.5695   24.9411  -173.48
 12 2015    0.0181   0.4585   0.0894   9.8892  12.5551   25.1901  -173.45
 12 2016    0.0091   0.4394   0.0870   9.8246  12.4601   25.3941  -174.91
 12 2017    0.0143   0.4655   0.0899   9.7665  12.4362   25.6397  -175.07
 12 2018    0.0140   0.4631   0.0892   9.7051  12.3714   25.8588  -176.00
 12 2019    0.0132   0.4805   0.0915   9.6481  12.3333   26.1044  -176.44
 12 2020    0.0081   0.4671   0.0896   9.5872  12.2520   26.3184  -177.68
 12 2021    0.0112   0.4778   0.0905   9.5297  12.2092   26.5528  -178.22
 12 2022    0.0094   0.4635   0.0883   9.4689  12.1302   26.7604  -179.44
 12 2023    0.0099   0.4627   0.0879   9.4104  12.0709   26.9793  -180.31
 12 2024    0.0112   0.4813   0.0903   9.3558  12.0386   27.2224  -180.67
 12 2025    0.0185   0.5379   0.0975   9.3088  12.0627   27.5153  -179.98
 12 2026    0.0185   0.5463   0.0982   9.2563  12.0193   27.7662  -180.55
 12 2027    0.0138   0.5605   0.1002   9.2065  11.9811   28.0328  -181.04
 12 2028    0.0147   0.5598   0.0995   9.1543  11.9283   28.2789  -181.81
 12 2029    0.0121   0.5654   0.1002   9.1041  11.8818   28.5358  -182.46
 12 2030    0.0111   0.5512   0.0979   9.0507  11.8109   28.7664  -183.59
 12 2031    0.0147   0.5768   0.1009   9.0040  11.7965   29.0412  -183.65
 12 2032    0.0151   0.5872   0.1021   8.9563  11.7606   29.3051  -184.12
 12 2033    0.0175   0.6186   0.1060   8.9131  11.7552   29.5983  -184.00
 12 2034    0.0186   0.6279   0.1068   8.8674  11.7208   29.8710  -184.43
 12 2035    0.0136   0.6265   0.1067   8.8215  11.6682   30.1389  -185.24
 12 2036    0.0106   0.6149   0.1049   8.7739  11.6042   30.3915  -186.27
 12 2037    0.0163   0.6523   0.1095   8.7342  11.6123   30.6975  -185.89
 12 2038    0.0135   0.6495   0.1090   8.6900  11.5620   30.9684  -186.66
 12 2039    0.0226   0.6595   0.1092   8.6467  11.5380   31.2429  -186.93
 12 2040    0.0110   0.6319   0.1060   8.5998  11.4487   31.4890  -188.49
 12 2041    0.0127   0.6387   0.1066   8.5571  11.4152   31.7619  -188.95
 12 2042    0.0158   0.6423   0.1067   8.5142  11.3790   32.0301  -189.47
 12 2043    0.0195   0.6549   0.1079   8.4733  11.3557   32.3100  -189.72
 12 2044    0.0144   0.6323   0.1050   8.4277  11.2794   32.5539  -191.07
 12 2045    0.0151   0.6377   0.1056   8.3862  11.2445   32.8234  -191.58
 12 2046    0.0212   0.6410   0.1053   8.3439  11.2115   33.0848  -192.05
 12 2047    0.0140   0.6394   0.1057   8.3031  11.1623   33.3538  -192.87
 12 2048    0.0128   0.6340   0.1048   8.2612  11.1128   33.6124  -193.70
