MON   YR       DPM      RPM      BIO      HUM    TOTAL       CO2     D14C
 12 1940    0.0000   4.0892   0.4240  18.2737  24.8869    1.7301   -94.75
 12 1941    0.0323   3.9333   0.4401  18.2683  24.7740    3.1530   -95.85
 12 1942    0.0068   3.4243   0.3994  18.1949  24.1254    4.0967   -98.45
 12 1943    0.0083   2.9782   0.3593  18.1050  23.5509    4.9183  -100.88
 12 1944    0.0069   2.5792   0.3217  18.0025  23.0103    5.6430  -103.23
 12 1945    0.0062   2.2409   0.2894  17.8920  22.5285    6.3038  -105.53
 12 1946    0.0081   2.0021   0.2683  17.7844  22.1628    6.9753  -107.49
 12 1947    0.0063   1.7497   0.2429  17.6632  21.7621    7.5426  -109.50
 12 1948    0.0059   1.5413   0.2220  17.5384  21.4076    8.0753  -111.35
 12 1949    0.0068   1.3796   0.2062  17.4130  21.1057    8.5935  -113.03
 12 1950    0.0059   1.2397   0.1924  17.2850  20.8230    9.0832  -114.55
 12 1951    0.0048   1.1146   0.1795  17.1540  20.5530    9.5415  -116.04
 12 1952    0.0095   1.0313   0.1714  17.0248  20.3371   10.0020  -117.31
 12 1953    0.0126   1.0053   0.1709  16.9038  20.1925   10.5095  -118.28
 12 1954    0.0059   0.9170   0.1612  16.7721  19.9563   10.9325  -119.61
 12 1955    0.0076   0.8648   0.1557  16.6431  19.7712   11.3638  -120.60
 12 1956    0.0070   0.8171   0.1506  16.5138  19.5884   11.7826  -121.45
 12 1957    0.0070   0.7951   0.1487  16.3884  19.4393   12.2187  -121.67
 12 1958    0.0058   0.7447   0.1425  16.2577  19.2507   12.6073  -122.02
 12 1959    0.0120   0.7387   0.1420  16.1329  19.1256   13.0274  -120.91
 12 1960    0.0080   0.7319   0.1420  16.0105  18.9925   13.4544  -120.53
 12 1961    0.0016   0.6379   0.1293  15.8726  18.7414   13.7620  -122.23
 12 1962    0.0018   0.5638   0.1191  15.7342  18.5189   14.0549  -123.41
 12 1963    0.0024   0.5159   0.1128  15.5983  18.3293   14.3544  -122.22
 12 1964    0.0019   0.4605   0.1055  15.4598  18.1276   14.6251  -122.46
 12 1965    0.0016   0.4133   0.0993  15.3214  17.9356   14.8851  -123.07
 12 1966    0.0023   0.3834   0.0955  15.1851  17.7664   15.1488  -123.13
 12 1967    0.0023   0.3597   0.0926  15.0498  17.6044   15.4092  -123.37
 12 1968    0.0018   0.3310   0.0889  14.9138  17.4354   15.6534  -124.33
 12 1969    0.0014   0.3028   0.0851  14.7777  17.2670   15.8862  -125.56
 12 1970    0.0014   0.2828   0.0825  14.6431  17.1098   16.1183  -126.62
 12 1971    0.0017   0.2650   0.0800  14.5091  16.9559   16.3442  -127.72
 12 1972    0.0012   0.2381   0.0763  14.3738  16.7894   16.5501  -129.42
 12 1973    0.0012   0.2164   0.0732  14.2394  16.6302   16.7515  -130.99
 12 1974    0.0014   0.2100   0.0723  14.1082  16.4919   16.9648  -131.97
 12 1975    0.0012   0.1969   0.0704  13.9767  16.3452   17.1654  -133.30
 12 1976    0.0017   0.1885   0.0691  13.8466  16.2059   17.3654  -134.49
 12 1977    0.0014   0.1797   0.0677  13.7174  16.0662   17.5614  -135.79
 12 1978    0.0012   0.1764   0.0671  13.5901  15.9348   17.7604  -136.93
 12 1979    0.0012   0.1727   0.0663  13.4638  15.8040   17.9564  -138.12
 12 1980    0.0022   0.1739   0.0662  13.3393  15.6816   18.1550  -139.14
 12 1981    0.0023   0.1790   0.0666  13.2170  15.5648   18.3589  -140.08
 12 1982    0.0017   0.1744   0.0657  13.0944  15.4362   18.5511  -141.37
 12 1983    0.0016   0.1713   0.0649  12.9730  15.3108   18.7419  -142.63
 12 1984    0.0016   0.1674   0.0587  12.8452  15.1730   18.9417  -144.11
 12 1985    0.0013   0.1648   0.0543  12.7187  15.0391   19.1398  -145.55
 12 1986    0.0018   0.1673   0.0515  12.5940  14.9146   19.3410  -146.82
 12 1987    0.0025   0.1715   0.0497  12.4707  14.7944   19.5428  -148.04
 12 1988    0.0019   0.1702   0.0479  12.3482  14.6682   19.7378  -149.43
 12 1989    0.0014   0.1623   0.0459  12.2260  14.5355   19.9212  -151.00
 12 1990    0.0017   0.1629   0.0450  12.1058  14.4153   20.1117  -152.34
 12 1991    0.0021   0.1728   0.0453  11.9882  14.3083   20.3147  -153.43
 12 1992    0.0018   0.1702   0.0444  11.8704  14.1867   20.5023  -154.85
 12 1993    0.0016   0.1687   0.0437  11.7539  14.0679   20.6893  -156.25
 12 1994    0.0022   0.1765   0.0440  11.6398  13.9626   20.8871  -157.41
 12 1995    0.0022   0.1825   0.0442  11.5269  13.8559   21.0847  -158.62
 12 1996    0.0017   0.1803   0.0436  11.4144  13.7400   21.2721  -160.04
 12 1997    0.0014   0.1758   0.0428  11.3025  13.6225   21.4538  -161.52
 12 1998    0.0014   0.1754   0.0424  11.1923  13.5115   21.6387  -162.90
 12 1999    0.0017   0.1742   0.0420  11.0830  13.4008   21.8205  -164.30
 12 2000    0.0012   0.1615   0.0404  10.9731  13.2763   21.9844  -165.99
 12 2001    0.0012   0.1518   0.0392  10.8644  13.1566   22.1462  -167.62
 12 2002    0.0015   0.1551   0.0394  10.7583  13.0542   22.3223  -168.95
 12 2003    0.0075   0.2008   0.0490  10.6832  13.0406   22.5112  -168.75
 12 2004    0.0367   0.4341   0.0825  10.6430  13.2963   22.9399  -163.62
 12 2005    0.0259   0.5389   0.0995  10.5940  13.3582   23.3044  -162.14
 12 2006    0.0410   0.6544   0.1147  10.5485  13.4586   23.6906  -160.03
 12 2007    0.0039   0.5965   0.1093  10.4831  13.2928   23.9331  -162.54
 12 2008    0.0069   0.5614   0.1035  10.4153  13.1870   24.1549  -164.04
 12 2009    0.0075   0.5459   0.1010  10.3506  13.1050   24.3932  -165.16
 12 2010    0.0158   0.5732   0.1041  10.2926  13.0857   24.6751  -165.19
 12 2011    0.0215   0.5911   0.1059  10.2345  13.0530   24.9521  -165.47
 12 2012    0.0137   0.5898   0.1062  10.1759  12.9855   25.2214  -166.36
 12 2013    0.0254   0.7129   0.1226  10.1388  13.0997   25.6391  -164.15
 12 2014    0.0267   0.7640   0.1291  10.0949  13.1146   26.0055  -163.64
 12 2015    0.0228   0.8194   0.1365  10.0553  13.1341   26.4003  -163.07
 12 2016    0.0220   0.8255   0.1365  10.0086  13.0925   26.7416  -163.53
 12 2017    0.0275   0.8945   0.1451   9.9737  13.1407   27.1629  -162.52
 12 2018    0.0326   0.9381   0.1499   9.9369  13.1576   27.5693  -162.04
 12 2019    0.0259   0.9748   0.1549   9.9029  13.1585   27.9923  -161.82
 12 2020    0.0239   0.9940   0.1569   9.8669  13.1417   28.3990  -161.88
 12 2021    0.0254   1.0509   0.1640   9.8390  13.1794   28.8607  -161.07
 12 2022    0.0269   1.0526   0.1632   9.8031  13.1457   29.2636  -161.42
 12 2023    0.0084   0.9720   0.1525   9.7549  12.9878   29.5779  -163.77
 12 2024    0.0398   1.1112   0.1694   9.7384  13.1588   30.1121  -160.84
 12 2025    0.0177   1.1079   0.1702   9.7082  13.1040   30.5490  -161.52
 12 2026    0.0668   1.2381   0.1836   9.6932  13.2818   31.0911  -158.56
 12 2027    0.0132   1.1777   0.1790   9.6618  13.1318   31.5166  -160.72
 12 2028    0.0475   1.2602   0.1869   9.6441  13.2388   32.0359  -158.88
 12 2029    0.0125   1.1872   0.1789   9.6095  13.0881   32.4355  -161.05
 12 2030    0.0421   1.2466   0.1842   9.5887  13.1616   32.9298  -159.73
 12 2031    0.0145   1.2014   0.1798   9.5585  13.0541   33.3566  -161.24
 12 2032    0.0555   1.3326   0.1946   9.5505  13.2331   33.9374  -158.32
 12 2033    0.0189   1.2916   0.1914   9.5260  13.1279   34.4023  -159.76
 12 2034    0.0603   1.4025   0.2030   9.5179  13.2837   34.9807  -157.21
 12 2035    0.0148   1.3178   0.1944   9.4896  13.1166   35.4162  -159.60
 12 2036    0.0392   1.3916   0.2023   9.4790  13.2120   35.9741  -157.98
 12 2037    0.0175   1.3578   0.1989   9.4575  13.1317   36.4549  -159.04
 12 2038    0.0501   1.4697   0.2116   9.4548  13.2863   37.0670  -156.53
 12 2039    0.0210   1.3939   0.2027   9.4295  13.1472   37.5190  -158.48
 12 2040    0.0344   1.3931   0.2010   9.4098  13.1383   38.0090  -158.46
 12 2041    0.0138   1.3227   0.1926   9.3818  13.0109   38.4399  -160.25
 12 2042    0.0554   1.4230   0.2033   9.3747  13.1564   39.0154  -157.87
 12 2043    0.0211   1.3663   0.1981   9.3523  13.0378   39.4830  -159.51
 12 2044    0.0547   1.4166   0.2021   9.3387  13.1120   40.0105  -158.22
 12 2045    0.0164   1.3368   0.1940   9.3124  12.9596   40.4484  -160.40
 12 2046    0.0818   1.4817   0.2089   9.3110  13.1834   41.0595  -156.85
 12 2047    0.0167   1.3923   0.2018   9.2891  12.9999   41.5262  -159.48
 12 2048    0.0450   1.4899   0.2130   9.2875  13.1354   42.1344  -157.27
