MON   YR       DPM      RPM      BIO      HUM    TOTAL       CO2     D14C
 12 1940    0.0000   4.0892   0.4240  18.2737  24.8869    1.7301   -94.75
 12 1941    0.0335   3.9504   0.4425  18.2714  24.7977    3.1751   -95.78
 12 1942    0.0068   3.4387   0.4014  18.1985  24.1454    4.1225   -98.39
 12 1943    0.0083   2.9904   0.3609  18.1090  23.5686    4.9464  -100.82
 12 1944    0.0069   2.5895   0.3231  18.0066  23.0260    5.6731  -103.18
 12 1945    0.0063   2.2495   0.2904  17.8964  22.5426    6.3355  -105.48
 12 1946    0.0083   2.0095   0.2692  17.7888  22.1759    7.0081  -107.44
 12 1947    0.0066   1.7560   0.2437  17.6677  21.7740    7.5766  -109.45
 12 1948    0.0061   1.5467   0.2227  17.5431  21.4185    8.1103  -111.31
 12 1949    0.0075   1.3844   0.2068  17.4177  21.1163    8.6288  -112.99
 12 1950    0.0064   1.2439   0.1929  17.2897  20.8328    9.1193  -114.51
 12 1951    0.0053   1.1182   0.1799  17.1587  20.5622    9.5781  -116.00
 12 1952    0.0099   1.0345   0.1718  17.0296  20.3457   10.0393  -117.27
 12 1953    0.0122   1.0076   0.1712  16.9087  20.1997   10.5482  -118.25
 12 1954    0.0061   0.9191   0.1615  16.7769  19.9636   10.9711  -119.58
 12 1955    0.0073   0.8664   0.1559  16.6480  19.7776   11.4033  -120.57
 12 1956    0.0061   0.8181   0.1507  16.5188  19.5937   11.8233  -121.43
 12 1957    0.0074   0.7961   0.1488  16.3932  19.4454   12.2585  -121.64
 12 1958    0.0060   0.7456   0.1426  16.2624  19.2567   12.6472  -121.98
 12 1959    0.0109   0.7389   0.1421  16.1379  19.1298   13.0691  -120.91
 12 1960    0.0084   0.7323   0.1420  16.0153  18.9980   13.4948  -120.50
 12 1961    0.0015   0.6382   0.1293  15.8774  18.7464   13.8029  -122.21
 12 1962    0.0017   0.5640   0.1191  15.7389  18.5237   14.0959  -123.39
 12 1963    0.0025   0.5161   0.1128  15.6029  18.3343   14.3954  -122.19
 12 1964    0.0018   0.4606   0.1055  15.4644  18.1322   14.6663  -122.45
 12 1965    0.0016   0.4134   0.0993  15.3260  17.9402   14.9263  -123.05
 12 1966    0.0022   0.3834   0.0956  15.1896  17.7708   15.1902  -123.12
 12 1967    0.0024   0.3597   0.0926  15.0543  17.6090   15.4505  -123.35
 12 1968    0.0018   0.3310   0.0889  14.9183  17.4400   15.6946  -124.30
 12 1969    0.0014   0.3029   0.0851  14.7821  17.2716   15.9275  -125.54
 12 1970    0.0015   0.2829   0.0825  14.6474  17.1144   16.1595  -126.59
 12 1971    0.0018   0.2652   0.0801  14.5134  16.9604   16.3855  -127.69
 12 1972    0.0012   0.2382   0.0763  14.3781  16.7938   16.5915  -129.40
 12 1973    0.0012   0.2165   0.0733  14.2436  16.6345   16.7930  -130.97
 12 1974    0.0015   0.2101   0.0724  14.1124  16.4963   17.0062  -131.94
 12 1975    0.0013   0.1970   0.0705  13.9808  16.3495   17.2069  -133.27
 12 1976    0.0017   0.1886   0.0691  13.8507  16.2102   17.4070  -134.46
 12 1977    0.0014   0.1798   0.0678  13.7214  16.0704   17.6030  -135.76
 12 1978    0.0013   0.1764   0.0671  13.5941  15.9389   17.8021  -136.90
 12 1979    0.0012   0.1727   0.0664  13.4678  15.8081   17.9981  -138.09
 12 1980    0.0022   0.1739   0.0662  13.3433  15.6855   18.1968  -139.11
 12 1981    0.0020   0.1788   0.0666  13.2209  15.5684   18.4011  -140.06
 12 1982    0.0017   0.1743   0.0657  13.0983  15.4400   18.5931  -141.35
 12 1983    0.0016   0.1711   0.0649  12.9768  15.3144   18.7840  -142.61
 12 1984    0.0014   0.1672   0.0587  12.8491  15.1764   18.9840  -144.09
 12 1985    0.0013   0.1646   0.0543  12.7225  15.0427   19.1820  -145.52
 12 1986    0.0019   0.1672   0.0515  12.5977  14.9183   19.3831  -146.79
 12 1987    0.0022   0.1713   0.0497  12.4745  14.7977   19.5853  -148.02
 12 1988    0.0020   0.1700   0.0479  12.3519  14.6718   19.7800  -149.41
 12 1989    0.0013   0.1621   0.0459  12.2296  14.5389   19.9636  -150.98
 12 1990    0.0017   0.1627   0.0450  12.1094  14.4188   20.1540  -152.31
 12 1991    0.0022   0.1727   0.0453  11.9917  14.3118   20.3570  -153.40
 12 1992    0.0016   0.1701   0.0444  11.8739  14.1899   20.5449  -154.83
 12 1993    0.0016   0.1686   0.0437  11.7574  14.0712   20.7318  -156.23
 12 1994    0.0021   0.1763   0.0440  11.6432  13.9657   20.9298  -157.39
 12 1995    0.0022   0.1823   0.0442  11.5303  13.8590   21.1273  -158.60
 12 1996    0.0017   0.1802   0.0436  11.4177  13.7433   21.3145  -160.01
 12 1997    0.0014   0.1757   0.0428  11.3058  13.6257   21.4963  -161.49
 12 1998    0.0015   0.1754   0.0424  11.1955  13.5149   21.6811  -162.87
 12 1999    0.0017   0.1742   0.0420  11.0862  13.4041   21.8629  -164.27
 12 2000    0.0012   0.1614   0.0404  10.9764  13.2794   22.0269  -165.96
 12 2001    0.0011   0.1517   0.0392  10.8676  13.1597   22.1888  -167.59
 12 2002    0.0015   0.1551   0.0394  10.7614  13.0573   22.3649  -168.92
 12 2003    0.0065   0.2005   0.0491  10.6865  13.0426   22.5548  -168.74
 12 2004    0.0114   0.2541   0.0588  10.6157  13.0400   22.7686  -168.36
 12 2005    0.0340   0.3942   0.0785  10.5614  13.1682   23.0941  -165.61
 12 2006    0.0189   0.4297   0.0856  10.4989  13.1331   23.3579  -165.85
 12 2007    0.0040   0.4045   0.0835  10.4276  13.0195   23.5557  -167.53
 12 2008    0.0051   0.3833   0.0804  10.3547  12.9235   23.7375  -168.91
 12 2009    0.0080   0.3903   0.0812  10.2865  12.8661   23.9477  -169.60
 12 2010    0.0117   0.4135   0.0842  10.2221  12.8315   24.1796  -169.90
 12 2011    0.0213   0.4535   0.0889  10.1614  12.8250   24.4334  -169.71
 12 2012    0.0137   0.4696   0.0916  10.1005  12.7754   24.6825  -170.29
 12 2013    0.0128   0.4994   0.0956  10.0430  12.7507   24.9504  -170.44
 12 2014    0.0190   0.5439   0.1009   9.9889  12.7527   25.2395  -170.12
 12 2015    0.0200   0.5708   0.1041   9.9345  12.7294   25.5224  -170.26
 12 2016    0.0170   0.5733   0.1041   9.8776  12.6720   25.7838  -171.01
 12 2017    0.0157   0.5893   0.1059   9.8237  12.6347   26.0631  -171.42
 12 2018    0.0264   0.6229   0.1092   9.7725  12.6311   26.3571  -171.23
 12 2019    0.0147   0.6286   0.1106   9.7210  12.5748   26.6458  -171.98
 12 2020    0.0168   0.6499   0.1129   9.6715  12.5510   26.9455  -172.16
 12 2021    0.0124   0.6443   0.1119   9.6191  12.4877   27.2214  -173.04
 12 2022    0.0164   0.6444   0.1111   9.5668  12.4387   27.4944  -173.68
 12 2023    0.0116   0.6273   0.1087   9.5129  12.3605   27.7525  -174.85
 12 2024    0.0160   0.6532   0.1118   9.4656  12.3466   28.0537  -174.87
 12 2025    0.0209   0.7005   0.1178   9.4237  12.3629   28.3899  -174.36
 12 2026    0.0279   0.7248   0.1201   9.3793  12.3520   28.7054  -174.33
 12 2027    0.0149   0.7206   0.1203   9.3337  12.2895   29.0102  -175.23
 12 2028    0.0221   0.7359   0.1213   9.2896  12.2689   29.3218  -175.38
 12 2029    0.0133   0.7236   0.1199   9.2433  12.2002   29.6153  -176.41
 12 2030    0.0157   0.7089   0.1172   9.1951  12.1369   29.8916  -177.34
 12 2031    0.0162   0.7209   0.1187   9.1519  12.1076   30.2004  -177.67
 12 2032    0.0239   0.7513   0.1221   9.1118  12.1092   30.5289  -177.43
 12 2033    0.0209   0.7764   0.1257   9.0739  12.0970   30.8694  -177.45
 12 2034    0.0281   0.8060   0.1289   9.0367  12.0997   31.2119  -177.18
 12 2035    0.0159   0.7899   0.1273   8.9951  12.0282   31.5221  -178.29
 12 2036    0.0177   0.7971   0.1278   8.9560  11.9986   31.8463  -178.63
 12 2037    0.0194   0.8298   0.1320   8.9223  12.0036   32.2066  -178.33
 12 2038    0.0213   0.8443   0.1335   8.8869  11.9860   32.5517  -178.45
 12 2039    0.0247   0.8366   0.1316   8.8478  11.9406   32.8688  -179.09
 12 2040    0.0160   0.8106   0.1284   8.8068  11.8618   33.1700  -180.36
 12 2041    0.0145   0.8033   0.1273   8.7679  11.8130   33.4833  -181.07
 12 2042    0.0267   0.8299   0.1298   8.7333  11.8198   33.8248  -180.75
 12 2043    0.0252   0.8355   0.1306   8.6980  11.7893   34.1582  -181.12
 12 2044    0.0256   0.8326   0.1299   8.6612  11.7493   34.4790  -181.67
 12 2045    0.0184   0.8209   0.1287   8.6241  11.6921   34.7951  -182.57
 12 2046    0.0348   0.8499   0.1312   8.5911  11.7070   35.1377  -182.10
 12 2047    0.0177   0.8315   0.1300   8.5552  11.6345   35.4580  -183.29
 12 2048    0.0196   0.8435   0.1314   8.5225  11.6170   35.7979  -183.43
