MON   YR       DPM      RPM      BIO      HUM    TOTAL       CO2     D14C
 12 1940    0.0000   4.0892   0.4240  18.2737  24.8869    1.7301   -94.75
 12 1941    0.0323   3.9333   0.4401  18.2683  24.7740    3.1530   -95.85
 12 1942    0.0068   3.4243   0.3994  18.1949  24.1254    4.0967   -98.45
 12 1943    0.0083   2.9782   0.3593  18.1050  23.5509    4.9183  -100.88
 12 1944    0.0069   2.5792   0.3217  18.0025  23.0103    5.6430  -103.23
 12 1945    0.0062   2.2409   0.2894  17.8920  22.5285    6.3038  -105.53
 12 1946    0.0081   2.0021   0.2683  17.7844  22.1628    6.9753  -107.49
 12 1947    0.0063   1.7497   0.2429  17.6632  21.7621    7.5426  -109.50
 12 1948    0.0059   1.5413   0.2220  17.5384  21.4076    8.0753  -111.35
 12 1949    0.0068   1.3796   0.2062  17.4130  21.1057    8.5935  -113.03
 12 1950    0.0059   1.2397   0.1924  17.2850  20.8230    9.0832  -114.55
 12 1951    0.0048   1.1146   0.1795  17.1540  20.5530    9.5415  -116.04
 12 1952    0.0095   1.0313   0.1714  17.0248  20.3371   10.0020  -117.31
 12 1953    0.0126   1.0053   0.1709  16.9038  20.1925   10.5095  -118.28
 12 1954    0.0059   0.9170   0.1612  16.7721  19.9563   10.9325  -119.61
 12 1955    0.0076   0.8648   0.1557  16.6431  19.7712   11.3638  -120.60
 12 1956    0.0070   0.8171   0.1506  16.5138  19.5884   11.7826  -121.45
 12 1957    0.0070   0.7951   0.1487  16.3884  19.4393   12.2187  -121.67
 12 1958    0.0058   0.7447   0.1425  16.2577  19.2507   12.6073  -122.02
 12 1959    0.0120   0.7387   0.1420  16.1329  19.1256   13.0274  -120.91
 12 1960    0.0080   0.7319   0.1420  16.0105  18.9925   13.4544  -120.53
 12 1961    0.0016   0.6379   0.1293  15.8726  18.7414   13.7620  -122.23
 12 1962    0.0018   0.5638   0.1191  15.7342  18.5189   14.0549  -123.41
 12 1963    0.0024   0.5159   0.1128  15.5983  18.3293   14.3544  -122.22
 12 1964    0.0019   0.4605   0.1055  15.4598  18.1276   14.6251  -122.46
 12 1965    0.0016   0.4133   0.0993  15.3214  17.9356   14.8851  -123.07
 12 1966    0.0023   0.3834   0.0955  15.1851  17.7664   15.1488  -123.13
 12 1967    0.0023   0.3597   0.0926  15.0498  17.6044   15.4092  -123.37
 12 1968    0.0018   0.3310   0.0889  14.9138  17.4354   15.6534  -124.33
 12 1969    0.0014   0.3028   0.0851  14.7777  17.2670   15.8862  -125.56
 12 1970    0.0014   0.2828   0.0825  14.6431  17.1098   16.1183  -126.62
 12 1971    0.0017   0.2650   0.0800  14.5091  16.9559   16.3442  -127.72
 12 1972    0.0012   0.2381   0.0763  14.3738  16.7894   16.5501  -129.42
 12 1973    0.0012   0.2164   0.0732  14.2394  16.6302   16.7515  -130.99
 12 1974    0.0014   0.2100   0.0723  14.1082  16.4919   16.9648  -131.97
 12 1975    0.0012   0.1969   0.0704  13.9767  16.3452   17.1654  -133.30
 12 1976    0.0017   0.1885   0.0691  13.8466  16.2059   17.3654  -134.49
 12 1977    0.0014   0.1797   0.0677  13.7174  16.0662   17.5614  -135.79
 12 1978    0.0012   0.1764   0.0671  13.5901  15.9348   17.7604  -136.93
 12 1979    0.0012   0.1727   0.0663  13.4638  15.8040   17.9564  -138.12
 12 1980    0.0022   0.1739   0.0662  13.3393  15.6816   18.1550  -139.14
 12 1981    0.0023   0.1790   0.0666  13.2170  15.5648   18.3589  -140.08
 12 1982    0.0017   0.1744   0.0657  13.0944  15.4362   18.5511  -141.37
 12 1983    0.0016   0.1713   0.0649  12.9730  15.3108   18.7419  -142.63
 12 1984    0.0016   0.1674   0.0587  12.8452  15.1730   18.9417  -144.11
 12 1985    0.0013   0.1648   0.0543  12.7187  15.0391   19.1398  -145.55
 12 1986    0.0018   0.1673   0.0515  12.5940  14.9146   19.3410  -146.82
 12 1987    0.0025   0.1715   0.0497  12.4707  14.7944   19.5428  -148.04
 12 1988    0.0019   0.1702   0.0479  12.3482  14.6682   19.7378  -149.43
 12 1989    0.0014   0.1623   0.0459  12.2260  14.5355   19.9212  -151.00
 12 1990    0.0017   0.1629   0.0450  12.1058  14.4153   20.1117  -152.34
 12 1991    0.0021   0.1728   0.0453  11.9882  14.3083   20.3147  -153.43
 12 1992    0.0018   0.1702   0.0444  11.8704  14.1867   20.5023  -154.85
 12 1993    0.0016   0.1687   0.0437  11.7539  14.0679   20.6893  -156.25
 12 1994    0.0022   0.1765   0.0440  11.6398  13.9626   20.8871  -157.41
 12 1995    0.0022   0.1825   0.0442  11.5269  13.8559   21.0847  -158.62
 12 1996    0.0017   0.1803   0.0436  11.4144  13.7400   21.2721  -160.04
 12 1997    0.0014   0.1758   0.0428  11.3025  13.6225   21.4538  -161.52
 12 1998    0.0014   0.1754   0.0424  11.1923  13.5115   21.6387  -162.90
 12 1999    0.0017   0.1742   0.0420  11.0830  13.4008   21.8205  -164.30
 12 2000    0.0012   0.1615   0.0404  10.9731  13.2763   21.9844  -165.99
 12 2001    0.0012   0.1518   0.0392  10.8644  13.1566   22.1462  -167.62
 12 2002    0.0015   0.1551   0.0394  10.7583  13.0542   22.3223  -168.95
 12 2003    0.0067   0.2026   0.0490  10.6923  13.0507   22.5011  -168.62
 12 2004    0.0033   0.2007   0.0514  10.6206  12.9761   22.6348  -169.65
 12 2005    0.0182   0.2682   0.0615  10.5599  13.0078   22.8418  -168.70
 12 2006    0.0177   0.3183   0.0698  10.5008  13.0067   23.0570  -168.37
 12 2007    0.0039   0.3112   0.0707  10.4355  12.9213   23.2244  -169.61
 12 2008    0.0027   0.2891   0.0679  10.3662  12.8259   23.3597  -171.05
 12 2009    0.0063   0.2973   0.0690  10.3016  12.7742   23.5242  -171.69
 12 2010    0.0063   0.2997   0.0696  10.2371  12.7127   23.6859  -172.53
 12 2011    0.0145   0.3368   0.0742  10.1786  12.7040   23.8856  -172.41
 12 2012    0.0057   0.3265   0.0735  10.1152  12.6209   24.0476  -173.66
 12 2013    0.0121   0.3643   0.0782  10.0591  12.6136   24.2571  -173.53
 12 2014    0.0073   0.3588   0.0775   9.9982  12.5418   24.4291  -174.58
 12 2015    0.0189   0.3970   0.0817   9.9435  12.5410   24.6415  -174.34
 12 2016    0.0083   0.3850   0.0806   9.8841  12.4580   24.8173  -175.62
 12 2017    0.0156   0.4180   0.0843   9.8309  12.4489   25.0332  -175.55
 12 2018    0.0113   0.4139   0.0837   9.7738  12.3827   25.2187  -176.53
 12 2019    0.0143   0.4369   0.0864   9.7212  12.3589   25.4326  -176.74
 12 2020    0.0062   0.4215   0.0845   9.6643  12.2764   25.6122  -178.03
 12 2021    0.0114   0.4368   0.0859   9.6112  12.2454   25.8163  -178.39
 12 2022    0.0085   0.4288   0.0847   9.5557  12.1777   25.9998  -179.43
 12 2023    0.0104   0.4324   0.0848   9.5019  12.1295   26.1921  -180.11
 12 2024    0.0082   0.4347   0.0850   9.4490  12.0769   26.3871  -180.89
 12 2025    0.0174   0.4863   0.0914   9.4042  12.0993   26.6367  -180.26
 12 2026    0.0104   0.4718   0.0895   9.3514  12.0230   26.8268  -181.48
 12 2027    0.0133   0.4918   0.0918   9.3038  12.0007   27.0500  -181.70
 12 2028    0.0076   0.4685   0.0886   9.2503  11.9149   27.2293  -183.12
 12 2029    0.0101   0.4788   0.0895   9.2016  11.8800   27.4391  -183.59
 12 2030    0.0065   0.4552   0.0862   9.1480  11.7959   27.6117  -185.01
 12 2031    0.0136   0.4841   0.0895   9.1024  11.7896   27.8374  -184.93
 12 2032    0.0092   0.4728   0.0881   9.0521  11.7222   28.0270  -186.05
 12 2033    0.0181   0.5119   0.0927   9.0095  11.7321   28.2680  -185.65
 12 2034    0.0095   0.4953   0.0908   8.9604  11.6560   28.4608  -186.94
 12 2035    0.0130   0.5075   0.0920   8.9151  11.6275   28.6768  -187.31
 12 2036    0.0065   0.4861   0.0892   8.8655  11.5473   28.8606  -188.70
 12 2037    0.0157   0.5327   0.0949   8.8263  11.5695   29.1143  -188.07
 12 2038    0.0068   0.5078   0.0918   8.7780  11.4844   29.3019  -189.57
 12 2039    0.0158   0.5222   0.0928   8.7342  11.4650   29.5181  -189.77
 12 2040    0.0062   0.4921   0.0891   8.6853  11.3727   29.6954  -191.45
 12 2041    0.0124   0.5125   0.0913   8.6431  11.3594   29.9176  -191.53
 12 2042    0.0084   0.4938   0.0888   8.5960  11.2871   30.1019  -192.82
 12 2043    0.0200   0.5196   0.0913   8.5547  11.2856   30.3249  -192.66
 12 2044    0.0094   0.4969   0.0889   8.5084  11.2036   30.5100  -194.17
 12 2045    0.0160   0.5178   0.0912   8.4676  11.1926   30.7312  -194.21
 12 2046    0.0125   0.5060   0.0896   8.4230  11.1311   30.9231  -195.32
 12 2047    0.0146   0.5186   0.0911   8.3822  11.1064   31.1393  -195.65
 12 2048    0.0066   0.4959   0.0884   8.3370  11.0278   31.3218  -197.14
