MON   YR       DPM      RPM      BIO      HUM    TOTAL       CO2     D14C
 12 1940    0.0000   4.0892   0.4240  18.2737  24.8869    1.7301   -94.75
 12 1941    0.0323   3.9333   0.4401  18.2683  24.7740    3.1530   -95.85
 12 1942    0.0068   3.4243   0.3994  18.1949  24.1254    4.0967   -98.45
 12 1943    0.0083   2.9782   0.3593  18.1050  23.5509    4.9183  -100.88
 12 1944    0.0069   2.5792   0.3217  18.0025  23.0103    5.6430  -103.23
 12 1945    0.0062   2.2409   0.2894  17.8920  22.5285    6.3038  -105.53
 12 1946    0.0081   2.0021   0.2683  17.7844  22.1628    6.9753  -107.49
 12 1947    0.0063   1.7497   0.2429  17.6632  21.7621    7.5426  -109.50
 12 1948    0.0059   1.5413   0.2220  17.5384  21.4076    8.0753  -111.35
 12 1949    0.0068   1.3796   0.2062  17.4130  21.1057    8.5935  -113.03
 12 1950    0.0059   1.2397   0.1924  17.2850  20.8230    9.0832  -114.55
 12 1951    0.0048   1.1146   0.1795  17.1540  20.5530    9.5415  -116.04
 12 1952    0.0095   1.0313   0.1714  17.0248  20.3371   10.0020  -117.31
 12 1953    0.0126   1.0053   0.1709  16.9038  20.1925   10.5095  -118.28
 12 1954    0.0059   0.9170   0.1612  16.7721  19.9563   10.9325  -119.61
 12 1955    0.0076   0.8648   0.1557  16.6431  19.7712   11.3638  -120.60
 12 1956    0.0070   0.8171   0.1506  16.5138  19.5884   11.7826  -121.45
 12 1957    0.0070   0.7951   0.1487  16.3884  19.4393   12.2187  -121.67
 12 1958    0.0058   0.7447   0.1425  16.2577  19.2507   12.6073  -122.02
 12 1959    0.0120   0.7387   0.1420  16.1329  19.1256   13.0274  -120.91
 12 1960    0.0080   0.7319   0.1420  16.0105  18.9925   13.4544  -120.53
 12 1961    0.0016   0.6379   0.1293  15.8726  18.7414   13.7620  -122.23
 12 1962    0.0018   0.5638   0.1191  15.7342  18.5189   14.0549  -123.41
 12 1963    0.0024   0.5159   0.1128  15.5983  18.3293   14.3544  -122.22
 12 1964    0.0019   0.4605   0.1055  15.4598  18.1276   14.6251  -122.46
 12 1965    0.0016   0.4133   0.0993  15.3214  17.9356   14.8851  -123.07
 12 1966    0.0023   0.3834   0.0955  15.1851  17.7664   15.1488  -123.13
 12 1967    0.0023   0.3597   0.0926  15.0498  17.6044   15.4092  -123.37
 12 1968    0.0018   0.3310   0.0889  14.9138  17.4354   15.6534  -124.33
 12 1969    0.0014   0.3028   0.0851  14.7777  17.2670   15.8862  -125.56
 12 1970    0.0014   0.2828   0.0825  14.6431  17.1098   16.1183  -126.62
 12 1971    0.0017   0.2650   0.0800  14.5091  16.9559   16.3442  -127.72
 12 1972    0.0012   0.2381   0.0763  14.3738  16.7894   16.5501  -129.42
 12 1973    0.0012   0.2164   0.0732  14.2394  16.6302   16.7515  -130.99
 12 1974    0.0014   0.2100   0.0723  14.1082  16.4919   16.9648  -131.97
 12 1975    0.0012   0.1969   0.0704  13.9767  16.3452   17.1654  -133.30
 12 1976    0.0017   0.1885   0.0691  13.8466  16.2059   17.3654  -134.49
 12 1977    0.0014   0.1797   0.0677  13.7174  16.0662   17.5614  -135.79
 12 1978    0.0012   0.1764   0.0671  13.5901  15.9348   17.7604  -136.93
 12 1979    0.0012   0.1727   0.0663  13.4638  15.8040   17.9564  -138.12
 12 1980    0.0022   0.1739   0.0662  13.3393  15.6816   18.1550  -139.14
 12 1981    0.0023   0.1790   0.0666  13.2170  15.5648   18.3589  -140.08
 12 1982    0.0017   0.1744   0.0657  13.0944  15.4362   18.5511  -141.37
 12 1983    0.0016   0.1713   0.0649  12.9730  15.3108   18.7419  -142.63
 12 1984    0.0016   0.1674   0.0587  12.8452  15.1730   18.9417  -144.11
 12 1985    0.0013   0.1648   0.0543  12.7187  15.0391   19.1398  -145.55
 12 1986    0.0018   0.1673   0.0515  12.5940  14.9146   19.3410  -146.82
 12 1987    0.0025   0.1715   0.0497  12.4707  14.7944   19.5428  -148.04
 12 1988    0.0019   0.1702   0.0479  12.3482  14.6682   19.7378  -149.43
 12 1989    0.0014   0.1623   0.0459  12.2260  14.5355   19.9212  -151.00
 12 1990    0.0017   0.1629   0.0450  12.1058  14.4153   20.1117  -152.34
 12 1991    0.0021   0.1728   0.0453  11.9882  14.3083   20.3147  -153.43
 12 1992    0.0018   0.1702   0.0444  11.8704  14.1867   20.5023  -154.85
 12 1993    0.0016   0.1687   0.0437  11.7539  14.0679   20.6893  -156.25
 12 1994    0.0022   0.1765   0.0440  11.6398  13.9626   20.8871  -157.41
 12 1995    0.0022   0.1825   0.0442  11.5269  13.8559   21.0847  -158.62
 12 1996    0.0017   0.1803   0.0436  11.4144  13.7400   21.2721  -160.04
 12 1997    0.0014   0.1758   0.0428  11.3025  13.6225   21.4538  -161.52
 12 1998    0.0014   0.1754   0.0424  11.1923  13.5115   21.6387  -162.90
 12 1999    0.0017   0.1742   0.0420  11.0830  13.4008   21.8205  -164.30
 12 2000    0.0012   0.1615   0.0404  10.9731  13.2763   21.9844  -165.99
 12 2001    0.0012   0.1518   0.0392  10.8644  13.1566   22.1462  -167.62
 12 2002    0.0015   0.1551   0.0394  10.7583  13.0542   22.3223  -168.95
 12 2003    0.0067   0.2026   0.0490  10.6923  13.0507   22.5011  -168.62
 12 2004    0.0034   0.2007   0.0514  10.6206  12.9761   22.6348  -169.65
 12 2005    0.0183   0.2683   0.0615  10.5599  13.0080   22.8420  -168.70
 12 2006    0.0174   0.3165   0.0696  10.5005  13.0041   23.0549  -168.42
 12 2007    0.0039   0.3096   0.0704  10.4351  12.9191   23.2219  -169.65
 12 2008    0.0028   0.2880   0.0677  10.3658  12.8243   23.3573  -171.08
 12 2009    0.0065   0.2976   0.0691  10.3014  12.7746   23.5232  -171.69
 12 2010    0.0062   0.2990   0.0695  10.2368  12.7115   23.6839  -172.55
 12 2011    0.0143   0.3354   0.0740  10.1782  12.7020   23.8827  -172.45
 12 2012    0.0056   0.3250   0.0733  10.1147  12.6187   24.0439  -173.70
 12 2013    0.0121   0.3626   0.0779  10.0585  12.6112   24.2528  -173.57
 12 2014    0.0074   0.3569   0.0773   9.9975  12.5390   24.4239  -174.63
 12 2015    0.0191   0.3958   0.0815   9.9428  12.5393   24.6366  -174.37
 12 2016    0.0085   0.3843   0.0805   9.8835  12.4567   24.8125  -175.64
 12 2017    0.0159   0.4174   0.0842   9.8302  12.4477   25.0283  -175.57
 12 2018    0.0113   0.4130   0.0836   9.7731  12.3811   25.2135  -176.56
 12 2019    0.0145   0.4362   0.0863   9.7205  12.3575   25.4271  -176.77
 12 2020    0.0062   0.4207   0.0844   9.6635  12.2749   25.6067  -178.06
 12 2021    0.0114   0.4357   0.0858   9.6104  12.2433   25.8099  -178.43
 12 2022    0.0089   0.4299   0.0848   9.5552  12.1788   25.9957  -179.41
 12 2023    0.0104   0.4330   0.0849   9.5014  12.1297   26.1879  -180.11
 12 2024    0.0087   0.4379   0.0855   9.4489  12.0809   26.3859  -180.81
 12 2025    0.0177   0.4896   0.0918   9.4043  12.1034   26.6367  -180.18
 12 2026    0.0104   0.4745   0.0899   9.3516  12.0264   26.8271  -181.42
 12 2027    0.0133   0.4937   0.0920   9.3039  12.0029   27.0500  -181.66
 12 2028    0.0077   0.4707   0.0888   9.2505  11.9176   27.2300  -183.07
 12 2029    0.0101   0.4807   0.0898   9.2018  11.8824   27.4402  -183.55
 12 2030    0.0067   0.4575   0.0865   9.1483  11.7990   27.6136  -184.95
 12 2031    0.0137   0.4863   0.0898   9.1028  11.7926   27.8399  -184.88
 12 2032    0.0097   0.4759   0.0884   9.0527  11.7267   28.0310  -185.96
 12 2033    0.0185   0.5158   0.0932   9.0104  11.7379   28.2738  -185.54
 12 2034    0.0094   0.4981   0.0911   8.9613  11.6600   28.4666  -186.86
 12 2035    0.0131   0.5096   0.0922   8.9159  11.6307   28.6822  -187.25
 12 2036    0.0068   0.4888   0.0895   8.8665  11.5516   28.8673  -188.62
 12 2037    0.0162   0.5376   0.0955   8.8278  11.5771   29.1244  -187.92
 12 2038    0.0068   0.5111   0.0922   8.7794  11.4895   29.3116  -189.47
 12 2039    0.0158   0.5248   0.0931   8.7356  11.4693   29.5277  -189.68
 12 2040    0.0064   0.4947   0.0894   8.6867  11.3773   29.7057  -191.36
 12 2041    0.0125   0.5148   0.0916   8.6446  11.3635   29.9283  -191.44
 12 2042    0.0090   0.4973   0.0892   8.5977  11.2932   30.1143  -192.70
 12 2043    0.0205   0.5240   0.0919   8.5567  11.2931   30.3394  -192.50
 12 2044    0.0099   0.5022   0.0896   8.5107  11.2123   30.5268  -193.99
 12 2045    0.0164   0.5230   0.0918   8.4701  11.2012   30.7493  -194.03
 12 2046    0.0130   0.5120   0.0904   8.4258  11.1412   30.9436  -195.11
 12 2047    0.0149   0.5241   0.0918   8.3851  11.1159   31.1609  -195.45
 12 2048    0.0068   0.5017   0.0891   8.3402  11.0377   31.3454  -196.93
