MON   YR       DPM      RPM      BIO      HUM    TOTAL       CO2     D14C
 12 1940    0.0000   4.0892   0.4240  18.2737  24.8869    1.7301   -94.75
 12 1941    0.0323   3.9333   0.4401  18.2683  24.7740    3.1530   -95.85
 12 1942    0.0068   3.4243   0.3994  18.1949  24.1254    4.0967   -98.45
 12 1943    0.0083   2.9782   0.3593  18.1050  23.5509    4.9183  -100.88
 12 1944    0.0069   2.5792   0.3217  18.0025  23.0103    5.6430  -103.23
 12 1945    0.0062   2.2409   0.2894  17.8920  22.5285    6.3038  -105.53
 12 1946    0.0081   2.0021   0.2683  17.7844  22.1628    6.9753  -107.49
 12 1947    0.0063   1.7497   0.2429  17.6632  21.7621    7.5426  -109.50
 12 1948    0.0059   1.5413   0.2220  17.5384  21.4076    8.0753  -111.35
 12 1949    0.0068   1.3796   0.2062  17.4130  21.1057    8.5935  -113.03
 12 1950    0.0059   1.2397   0.1924  17.2850  20.8230    9.0832  -114.55
 12 1951    0.0048   1.1146   0.1795  17.1540  20.5530    9.5415  -116.04
 12 1952    0.0095   1.0313   0.1714  17.0248  20.3371   10.0020  -117.31
 12 1953    0.0126   1.0053   0.1709  16.9038  20.1925   10.5095  -118.28
 12 1954    0.0059   0.9170   0.1612  16.7721  19.9563   10.9325  -119.61
 12 1955    0.0076   0.8648   0.1557  16.6431  19.7712   11.3638  -120.60
 12 1956    0.0070   0.8171   0.1506  16.5138  19.5884   11.7826  -121.45
 12 1957    0.0070   0.7951   0.1487  16.3884  19.4393   12.2187  -121.67
 12 1958    0.0058   0.7447   0.1425  16.2577  19.2507   12.6073  -122.02
 12 1959    0.0120   0.7387   0.1420  16.1329  19.1256   13.0274  -120.91
 12 1960    0.0080   0.7319   0.1420  16.0105  18.9925   13.4544  -120.53
 12 1961    0.0016   0.6379   0.1293  15.8726  18.7414   13.7620  -122.23
 12 1962    0.0018   0.5638   0.1191  15.7342  18.5189   14.0549  -123.41
 12 1963    0.0024   0.5159   0.1128  15.5983  18.3293   14.3544  -122.22
 12 1964    0.0019   0.4605   0.1055  15.4598  18.1276   14.6251  -122.46
 12 1965    0.0016   0.4133   0.0993  15.3214  17.9356   14.8851  -123.07
 12 1966    0.0023   0.3834   0.0955  15.1851  17.7664   15.1488  -123.13
 12 1967    0.0023   0.3597   0.0926  15.0498  17.6044   15.4092  -123.37
 12 1968    0.0018   0.3310   0.0889  14.9138  17.4354   15.6534  -124.33
 12 1969    0.0014   0.3028   0.0851  14.7777  17.2670   15.8862  -125.56
 12 1970    0.0014   0.2828   0.0825  14.6431  17.1098   16.1183  -126.62
 12 1971    0.0017   0.2650   0.0800  14.5091  16.9559   16.3442  -127.72
 12 1972    0.0012   0.2381   0.0763  14.3738  16.7894   16.5501  -129.42
 12 1973    0.0012   0.2164   0.0732  14.2394  16.6302   16.7515  -130.99
 12 1974    0.0014   0.2100   0.0723  14.1082  16.4919   16.9648  -131.97
 12 1975    0.0012   0.1969   0.0704  13.9767  16.3452   17.1654  -133.30
 12 1976    0.0017   0.1885   0.0691  13.8466  16.2059   17.3654  -134.49
 12 1977    0.0014   0.1797   0.0677  13.7174  16.0662   17.5614  -135.79
 12 1978    0.0012   0.1764   0.0671  13.5901  15.9348   17.7604  -136.93
 12 1979    0.0012   0.1727   0.0663  13.4638  15.8040   17.9564  -138.12
 12 1980    0.0022   0.1739   0.0662  13.3393  15.6816   18.1550  -139.14
 12 1981    0.0023   0.1790   0.0666  13.2170  15.5648   18.3589  -140.08
 12 1982    0.0017   0.1744   0.0657  13.0944  15.4362   18.5511  -141.37
 12 1983    0.0016   0.1713   0.0649  12.9730  15.3108   18.7419  -142.63
 12 1984    0.0016   0.1674   0.0587  12.8452  15.1730   18.9417  -144.11
 12 1985    0.0013   0.1648   0.0543  12.7187  15.0391   19.1398  -145.55
 12 1986    0.0018   0.1673   0.0515  12.5940  14.9146   19.3410  -146.82
 12 1987    0.0025   0.1715   0.0497  12.4707  14.7944   19.5428  -148.04
 12 1988    0.0019   0.1702   0.0479  12.3482  14.6682   19.7378  -149.43
 12 1989    0.0014   0.1623   0.0459  12.2260  14.5355   19.9212  -151.00
 12 1990    0.0017   0.1629   0.0450  12.1058  14.4153   20.1117  -152.34
 12 1991    0.0021   0.1728   0.0453  11.9882  14.3083   20.3147  -153.43
 12 1992    0.0018   0.1702   0.0444  11.8704  14.1867   20.5023  -154.85
 12 1993    0.0016   0.1687   0.0437  11.7539  14.0679   20.6893  -156.25
 12 1994    0.0022   0.1765   0.0440  11.6398  13.9626   20.8871  -157.41
 12 1995    0.0022   0.1825   0.0442  11.5269  13.8559   21.0847  -158.62
 12 1996    0.0017   0.1803   0.0436  11.4144  13.7400   21.2721  -160.04
 12 1997    0.0014   0.1758   0.0428  11.3025  13.6225   21.4538  -161.52
 12 1998    0.0014   0.1754   0.0424  11.1923  13.5115   21.6387  -162.90
 12 1999    0.0017   0.1742   0.0420  11.0830  13.4008   21.8205  -164.30
 12 2000    0.0012   0.1615   0.0404  10.9731  13.2763   21.9844  -165.99
 12 2001    0.0012   0.1518   0.0392  10.8644  13.1566   22.1462  -167.62
 12 2002    0.0015   0.1551   0.0394  10.7583  13.0542   22.3223  -168.95
 12 2003    0.0067   0.2026   0.0490  10.6923  13.0507   22.5011  -168.62
 12 2004    0.0034   0.2007   0.0514  10.6206  12.9761   22.6348  -169.65
 12 2005    0.0182   0.2684   0.0615  10.5599  13.0080   22.8421  -168.69
 12 2006    0.0172   0.3151   0.0694  10.5003  13.0020   23.0533  -168.46
 12 2007    0.0039   0.3083   0.0703  10.4349  12.9174   23.2199  -169.69
 12 2008    0.0028   0.2870   0.0676  10.3655  12.8230   23.3553  -171.10
 12 2009    0.0068   0.2982   0.0692  10.3014  12.7755   23.5228  -171.67
 12 2010    0.0061   0.2986   0.0694  10.2366  12.7108   23.6826  -172.57
 12 2011    0.0141   0.3347   0.0739  10.1779  12.7007   23.8809  -172.47
 12 2012    0.0057   0.3242   0.0731  10.1144  12.6174   24.0417  -173.72
 12 2013    0.0121   0.3613   0.0778  10.0581  12.6093   24.2498  -173.61
 12 2014    0.0075   0.3558   0.0771   9.9970  12.5374   24.4205  -174.66
 12 2015    0.0194   0.3953   0.0814   9.9424  12.5386   24.6335  -174.39
 12 2016    0.0086   0.3838   0.0804   9.8831  12.4558   24.8095  -175.66
 12 2017    0.0162   0.4174   0.0842   9.8299  12.4476   25.0255  -175.57
 12 2018    0.0114   0.4130   0.0836   9.7728  12.3807   25.2108  -176.57
 12 2019    0.0147   0.4360   0.0863   9.7201  12.3571   25.4240  -176.78
 12 2020    0.0062   0.4205   0.0844   9.6631  12.2743   25.6037  -178.08
 12 2021    0.0114   0.4352   0.0857   9.6099  12.2423   25.8065  -178.45
 12 2022    0.0092   0.4311   0.0850   9.5550  12.1804   25.9941  -179.38
 12 2023    0.0105   0.4338   0.0850   9.5012  12.1305   26.1862  -180.10
 12 2024    0.0091   0.4406   0.0858   9.4490  12.0846   26.3866  -180.74
 12 2025    0.0180   0.4927   0.0922   9.4047  12.1076   26.6387  -180.11
 12 2026    0.0105   0.4773   0.0902   9.3520  12.0300   26.8297  -181.35
 12 2027    0.0134   0.4962   0.0923   9.3043  12.0063   27.0531  -181.60
 12 2028    0.0078   0.4737   0.0892   9.2511  11.9218   27.2343  -182.99
 12 2029    0.0102   0.4837   0.0902   9.2026  11.8866   27.4453  -183.47
 12 2030    0.0069   0.4607   0.0869   9.1492  11.8037   27.6197  -184.86
 12 2031    0.0138   0.4895   0.0902   9.1039  11.7975   27.8470  -184.78
 12 2032    0.0101   0.4802   0.0890   9.0540  11.7333   28.0400  -185.83
 12 2033    0.0189   0.5205   0.0938   9.0119  11.7450   28.2846  -185.40
 12 2034    0.0095   0.5023   0.0917   8.9630  11.6665   28.4783  -186.74
 12 2035    0.0134   0.5140   0.0927   8.9177  11.6378   28.6953  -187.11
 12 2036    0.0071   0.4939   0.0902   8.8686  11.5597   28.8823  -188.46
 12 2037    0.0167   0.5441   0.0963   8.8302  11.5874   29.1423  -187.71
 12 2038    0.0066   0.5157   0.0928   8.7819  11.4971   29.3295  -189.32
 12 2039    0.0159   0.5290   0.0936   8.7381  11.4766   29.5462  -189.54
 12 2040    0.0065   0.4986   0.0899   8.6893  11.3843   29.7249  -191.21
 12 2041    0.0125   0.5182   0.0920   8.6473  11.3700   29.9480  -191.31
 12 2042    0.0094   0.5016   0.0897   8.6005  11.3012   30.1356  -192.53
 12 2043    0.0210   0.5293   0.0925   8.5599  11.3026   30.3631  -192.31
 12 2044    0.0103   0.5080   0.0903   8.5142  11.2228   30.5528  -193.77
 12 2045    0.0166   0.5281   0.0925   8.4736  11.2107   30.7761  -193.83
 12 2046    0.0136   0.5186   0.0912   8.4297  11.1531   30.9732  -194.85
 12 2047    0.0151   0.5297   0.0925   8.3891  11.1265   31.1914  -195.23
 12 2048    0.0070   0.5080   0.0899   8.3445  11.0494   31.3783  -196.68
