MON   YR       DPM      RPM      BIO      HUM    TOTAL       CO2     D14C
 12 1940    0.0000   4.0892   0.4240  18.2737  24.8869    1.7301   -94.75
 12 1941    0.0324   3.9333   0.4401  18.2683  24.7741    3.1530   -95.85
 12 1942    0.0068   3.4243   0.3994  18.1949  24.1254    4.0967   -98.45
 12 1943    0.0083   2.9783   0.3593  18.1050  23.5509    4.9182  -100.88
 12 1944    0.0069   2.5793   0.3217  18.0025  23.0104    5.6430  -103.23
 12 1945    0.0063   2.2409   0.2894  17.8920  22.5286    6.3037  -105.53
 12 1946    0.0083   2.0023   0.2683  17.7843  22.1632    6.9749  -107.49
 12 1947    0.0066   1.7499   0.2430  17.6631  21.7626    7.5422  -109.49
 12 1948    0.0061   1.5415   0.2221  17.5384  21.4080    8.0749  -111.35
 12 1949    0.0075   1.3801   0.2063  17.4129  21.1067    8.5926  -113.03
 12 1950    0.0064   1.2402   0.1924  17.2849  20.8239    9.0823  -114.55
 12 1951    0.0053   1.1152   0.1796  17.1539  20.5539    9.5406  -116.03
 12 1952    0.0099   1.0319   0.1715  17.0247  20.3379   10.0012  -117.30
 12 1953    0.0122   1.0055   0.1710  16.9038  20.1924   10.5097  -118.28
 12 1954    0.0061   0.9172   0.1613  16.7720  19.9566   10.9322  -119.61
 12 1955    0.0073   0.8649   0.1557  16.6431  19.7710   11.3641  -120.60
 12 1956    0.0061   0.8168   0.1506  16.5139  19.5874   11.7837  -121.46
 12 1957    0.0074   0.7950   0.1487  16.3884  19.4394   12.2187  -121.67
 12 1958    0.0060   0.7446   0.1425  16.2576  19.2508   12.6072  -122.01
 12 1959    0.0109   0.7381   0.1420  16.1331  19.1241   13.0289  -120.94
 12 1960    0.0084   0.7316   0.1419  16.0105  18.9925   13.4544  -120.53
 12 1961    0.0015   0.6377   0.1292  15.8727  18.7411   13.7624  -122.23
 12 1962    0.0017   0.5635   0.1190  15.7342  18.5185   14.0553  -123.42
 12 1963    0.0025   0.5157   0.1127  15.5983  18.3292   14.3546  -122.22
 12 1964    0.0018   0.4602   0.1054  15.4598  18.1273   14.6254  -122.48
 12 1965    0.0016   0.4131   0.0993  15.3214  17.9353   14.8853  -123.08
 12 1966    0.0022   0.3832   0.0955  15.1851  17.7660   15.1492  -123.14
 12 1967    0.0024   0.3595   0.0926  15.0498  17.6043   15.4093  -123.38
 12 1968    0.0018   0.3309   0.0888  14.9138  17.4354   15.6534  -124.33
 12 1969    0.0014   0.3027   0.0851  14.7777  17.2670   15.8862  -125.56
 12 1970    0.0015   0.2828   0.0824  14.6431  17.1099   16.1182  -126.62
 12 1971    0.0018   0.2651   0.0800  14.5091  16.9559   16.3441  -127.72
 12 1972    0.0012   0.2381   0.0763  14.3738  16.7894   16.5500  -129.42
 12 1973    0.0012   0.2164   0.0732  14.2394  16.6302   16.7515  -130.99
 12 1974    0.0015   0.2100   0.0723  14.1082  16.4920   16.9647  -131.97
 12 1975    0.0013   0.1969   0.0704  13.9767  16.3453   17.1653  -133.30
 12 1976    0.0017   0.1886   0.0691  13.8466  16.2060   17.3653  -134.48
 12 1977    0.0014   0.1798   0.0677  13.7174  16.0663   17.5613  -135.79
 12 1978    0.0013   0.1764   0.0671  13.5901  15.9348   17.7604  -136.93
 12 1979    0.0013   0.1727   0.0663  13.4638  15.8040   17.9563  -138.12
 12 1980    0.0022   0.1739   0.0662  13.3393  15.6816   18.1550  -139.14
 12 1981    0.0020   0.1788   0.0666  13.2170  15.5645   18.3593  -140.09
 12 1982    0.0017   0.1743   0.0657  13.0944  15.4361   18.5513  -141.38
 12 1983    0.0016   0.1711   0.0649  12.9730  15.3106   18.7421  -142.64
 12 1984    0.0014   0.1672   0.0587  12.8453  15.1726   18.9421  -144.12
 12 1985    0.0013   0.1646   0.0542  12.7188  15.0390   19.1400  -145.55
 12 1986    0.0019   0.1672   0.0515  12.5940  14.9146   19.3410  -146.82
 12 1987    0.0022   0.1713   0.0497  12.4708  14.7940   19.5433  -148.05
 12 1988    0.0020   0.1700   0.0479  12.3482  14.6681   19.7379  -149.44
 12 1989    0.0013   0.1621   0.0459  12.2260  14.5353   19.9214  -151.01
 12 1990    0.0017   0.1627   0.0450  12.1058  14.4152   20.1118  -152.34
 12 1991    0.0022   0.1727   0.0452  11.9882  14.3083   20.3148  -153.43
 12 1992    0.0016   0.1701   0.0444  11.8704  14.1864   20.5026  -154.86
 12 1993    0.0016   0.1686   0.0437  11.7539  14.0677   20.6895  -156.26
 12 1994    0.0021   0.1763   0.0440  11.6398  13.9622   20.8875  -157.42
 12 1995    0.0022   0.1823   0.0442  11.5269  13.8557   21.0850  -158.63
 12 1996    0.0017   0.1802   0.0436  11.4144  13.7399   21.2722  -160.05
 12 1997    0.0014   0.1757   0.0428  11.3025  13.6224   21.4539  -161.52
 12 1998    0.0015   0.1754   0.0424  11.1923  13.5116   21.6386  -162.90
 12 1999    0.0017   0.1742   0.0420  11.0829  13.4009   21.8204  -164.30
 12 2000    0.0012   0.1614   0.0404  10.9732  13.2762   21.9844  -166.00
 12 2001    0.0011   0.1518   0.0392  10.8644  13.1565   22.1463  -167.62
 12 2002    0.0015   0.1551   0.0394  10.7583  13.0542   22.3224  -168.95
 12 2003    0.0066   0.2005   0.0491  10.6834  13.0395   22.5122  -168.77
 12 2004    0.0119   0.2575   0.0593  10.6132  13.0419   22.7302  -168.30
 12 2005    0.0255   0.3958   0.0795  10.5602  13.1611   23.0647  -165.71
 12 2006    0.0186   0.4320   0.0859  10.4970  13.1335   23.3235  -165.82
 12 2007    0.0068   0.4046   0.0832  10.4249  13.0194   23.5155  -167.50
 12 2008    0.0080   0.4007   0.0825  10.3552  12.9465   23.7196  -168.46
 12 2009    0.0088   0.4089   0.0837  10.2882  12.8895   23.9384  -169.15
 12 2010    0.0104   0.4206   0.0851  10.2227  12.8388   24.1629  -169.74
 12 2011    0.0221   0.4621   0.0899  10.1623  12.8363   24.4189  -169.48
 12 2012    0.0125   0.4703   0.0917  10.1006  12.7750   24.6621  -170.27
 12 2013    0.0136   0.5030   0.0959  10.0434  12.7559   24.9324  -170.32
 12 2014    0.0172   0.5370   0.1000   9.9878  12.7420   25.2109  -170.28
 12 2015    0.0210   0.5674   0.1034   9.9335  12.7253   25.4939  -170.30
 12 2016    0.0151   0.5617   0.1025   9.8752  12.6546   25.7460  -171.29
 12 2017    0.0167   0.5817   0.1048   9.8213  12.6245   26.0244  -171.57
 12 2018    0.0238   0.6059   0.1071   9.7684  12.6052   26.3070  -171.66
 12 2019    0.0157   0.6177   0.1090   9.7169  12.5594   26.5955  -172.23
 12 2020    0.0153   0.6310   0.1104   9.6658  12.5226   26.8833  -172.64
 12 2021    0.0133   0.6310   0.1101   9.6134  12.4677   27.1586  -173.37
 12 2022    0.0148   0.6244   0.1086   9.5596  12.4074   27.4209  -174.22
 12 2023    0.0127   0.6137   0.1069   9.5057  12.3390   27.6787  -175.22
 12 2024    0.0147   0.6318   0.1091   9.4567  12.3122   27.9674  -175.47
 12 2025    0.0225   0.6869   0.1160   9.4150  12.3404   28.3045  -174.74
 12 2026    0.0250   0.7013   0.1173   9.3688  12.3125   28.6069  -175.02
 12 2027    0.0164   0.7060   0.1183   9.3235  12.2643   28.9122  -175.67
 12 2028    0.0205   0.7146   0.1187   9.2779  12.2317   29.2130  -176.03
 12 2029    0.0142   0.7089   0.1181   9.2317  12.1729   29.5063  -176.89
 12 2030    0.0147   0.6906   0.1150   9.1825  12.1027   29.7750  -177.95
 12 2031    0.0178   0.7093   0.1172   9.1395  12.0838   30.0845  -178.09
 12 2032    0.0222   0.7309   0.1197   9.0978  12.0706   30.4005  -178.13
 12 2033    0.0226   0.7641   0.1241   9.0602  12.0710   30.7421  -177.91
 12 2034    0.0258   0.7850   0.1264   9.0214  12.0585   31.0730  -177.92
 12 2035    0.0175   0.7788   0.1258   8.9804  12.0026   31.3862  -178.75
 12 2036    0.0164   0.7785   0.1255   8.9399  11.9602   31.6993  -179.33
 12 2037    0.0208   0.8178   0.1304   8.9064  11.9755   32.0600  -178.84
 12 2038    0.0198   0.8247   0.1310   8.8695  11.9451   32.3937  -179.19
 12 2039    0.0263   0.8239   0.1299   8.8306  11.9106   32.7109  -179.64
 12 2040    0.0151   0.7940   0.1263   8.7887  11.8241   33.0050  -181.05
 12 2041    0.0158   0.7934   0.1260   8.7502  11.7855   33.3199  -181.58
 12 2042    0.0248   0.8117   0.1276   8.7143  11.7783   33.6501  -181.51
 12 2043    0.0278   0.8264   0.1293   8.6794  11.7628   33.9856  -181.60
 12 2044    0.0235   0.8155   0.1279   8.6414  11.7082   34.2971  -182.44
 12 2045    0.0205   0.8121   0.1275   8.6047  11.6648   34.6148  -183.08
 12 2046    0.0322   0.8324   0.1292   8.5705  11.6643   34.9475  -182.90
 12 2047    0.0203   0.8263   0.1293   8.5357  11.6115   35.2737  -183.72
 12 2048    0.0179   0.8279   0.1295   8.5014  11.5767   35.6017  -184.20
