MON   YR       DPM      RPM      BIO      HUM    TOTAL       CO2     D14C
 12 1940    0.0000   4.0892   0.4240  18.2737  24.8869    1.7301   -94.75
 12 1941    0.0324   3.9333   0.4401  18.2683  24.7741    3.1530   -95.85
 12 1942    0.0068   3.4243   0.3994  18.1949  24.1254    4.0967   -98.45
 12 1943    0.0083   2.9783   0.3593  18.1050  23.5509    4.9182  -100.88
 12 1944    0.0069   2.5793   0.3217  18.0025  23.0104    5.6430  -103.23
 12 1945    0.0063   2.2409   0.2894  17.8920  22.5286    6.3037  -105.53
 12 1946    0.0083   2.0023   0.2683  17.7843  22.1632    6.9749  -107.49
 12 1947    0.0066   1.7499   0.2430  17.6631  21.7626    7.5422  -109.49
 12 1948    0.0061   1.5415   0.2221  17.5384  21.4080    8.0749  -111.35
 12 1949    0.0075   1.3801   0.2063  17.4129  21.1067    8.5926  -113.03
 12 1950    0.0064   1.2402   0.1924  17.2849  20.8239    9.0823  -114.55
 12 1951    0.0053   1.1152   0.1796  17.1539  20.5539    9.5406  -116.03
 12 1952    0.0099   1.0319   0.1715  17.0247  20.3379   10.0012  -117.30
 12 1953    0.0122   1.0055   0.1710  16.9038  20.1924   10.5097  -118.28
 12 1954    0.0061   0.9172   0.1613  16.7720  19.9566   10.9322  -119.61
 12 1955    0.0073   0.8649   0.1557  16.6431  19.7710   11.3641  -120.60
 12 1956    0.0061   0.8168   0.1506  16.5139  19.5874   11.7837  -121.46
 12 1957    0.0074   0.7950   0.1487  16.3884  19.4394   12.2187  -121.67
 12 1958    0.0060   0.7446   0.1425  16.2576  19.2508   12.6072  -122.01
 12 1959    0.0109   0.7381   0.1420  16.1331  19.1241   13.0289  -120.94
 12 1960    0.0084   0.7316   0.1419  16.0105  18.9925   13.4544  -120.53
 12 1961    0.0015   0.6377   0.1292  15.8727  18.7411   13.7624  -122.23
 12 1962    0.0017   0.5635   0.1190  15.7342  18.5185   14.0553  -123.42
 12 1963    0.0025   0.5157   0.1127  15.5983  18.3292   14.3546  -122.22
 12 1964    0.0018   0.4602   0.1054  15.4598  18.1273   14.6254  -122.48
 12 1965    0.0016   0.4131   0.0993  15.3214  17.9353   14.8853  -123.08
 12 1966    0.0022   0.3832   0.0955  15.1851  17.7660   15.1492  -123.14
 12 1967    0.0024   0.3595   0.0926  15.0498  17.6043   15.4093  -123.38
 12 1968    0.0018   0.3309   0.0888  14.9138  17.4354   15.6534  -124.33
 12 1969    0.0014   0.3027   0.0851  14.7777  17.2670   15.8862  -125.56
 12 1970    0.0015   0.2828   0.0824  14.6431  17.1099   16.1182  -126.62
 12 1971    0.0018   0.2651   0.0800  14.5091  16.9559   16.3441  -127.72
 12 1972    0.0012   0.2381   0.0763  14.3738  16.7894   16.5500  -129.42
 12 1973    0.0012   0.2164   0.0732  14.2394  16.6302   16.7515  -130.99
 12 1974    0.0015   0.2100   0.0723  14.1082  16.4920   16.9647  -131.97
 12 1975    0.0013   0.1969   0.0704  13.9767  16.3453   17.1653  -133.30
 12 1976    0.0017   0.1886   0.0691  13.8466  16.2060   17.3653  -134.48
 12 1977    0.0014   0.1798   0.0677  13.7174  16.0663   17.5613  -135.79
 12 1978    0.0013   0.1764   0.0671  13.5901  15.9348   17.7604  -136.93
 12 1979    0.0013   0.1727   0.0663  13.4638  15.8040   17.9563  -138.12
 12 1980    0.0022   0.1739   0.0662  13.3393  15.6816   18.1550  -139.14
 12 1981    0.0020   0.1788   0.0666  13.2170  15.5645   18.3593  -140.09
 12 1982    0.0017   0.1743   0.0657  13.0944  15.4361   18.5513  -141.38
 12 1983    0.0016   0.1711   0.0649  12.9730  15.3106   18.7421  -142.64
 12 1984    0.0014   0.1672   0.0587  12.8453  15.1726   18.9421  -144.12
 12 1985    0.0013   0.1646   0.0542  12.7188  15.0390   19.1400  -145.55
 12 1986    0.0019   0.1672   0.0515  12.5940  14.9146   19.3410  -146.82
 12 1987    0.0022   0.1713   0.0497  12.4708  14.7940   19.5433  -148.05
 12 1988    0.0020   0.1700   0.0479  12.3482  14.6681   19.7379  -149.44
 12 1989    0.0013   0.1621   0.0459  12.2260  14.5353   19.9214  -151.01
 12 1990    0.0017   0.1627   0.0450  12.1058  14.4152   20.1118  -152.34
 12 1991    0.0022   0.1727   0.0452  11.9882  14.3083   20.3148  -153.43
 12 1992    0.0016   0.1701   0.0444  11.8704  14.1864   20.5026  -154.86
 12 1993    0.0016   0.1686   0.0437  11.7539  14.0677   20.6895  -156.26
 12 1994    0.0021   0.1763   0.0440  11.6398  13.9622   20.8875  -157.42
 12 1995    0.0022   0.1823   0.0442  11.5269  13.8557   21.0850  -158.63
 12 1996    0.0017   0.1802   0.0436  11.4144  13.7399   21.2722  -160.05
 12 1997    0.0014   0.1757   0.0428  11.3025  13.6224   21.4539  -161.52
 12 1998    0.0015   0.1754   0.0424  11.1923  13.5116   21.6386  -162.90
 12 1999    0.0017   0.1742   0.0420  11.0829  13.4009   21.8204  -164.30
 12 2000    0.0012   0.1614   0.0404  10.9732  13.2762   21.9844  -166.00
 12 2001    0.0011   0.1518   0.0392  10.8644  13.1565   22.1463  -167.62
 12 2002    0.0015   0.1551   0.0394  10.7583  13.0542   22.3224  -168.95
 12 2003    0.0070   0.2026   0.0490  10.6923  13.0509   22.5008  -168.62
 12 2004    0.0024   0.1962   0.0508  10.6199  12.9693   22.6301  -169.78
 12 2005    0.0204   0.3168   0.0683  10.5689  13.0744   22.9053  -167.47
 12 2006    0.0186   0.3751   0.0777  10.5136  13.0850   23.1479  -166.94
 12 2007    0.0046   0.3532   0.0762  10.4477  12.9817   23.3117  -168.49
 12 2008    0.0138   0.3854   0.0802  10.3887  12.9680   23.5204  -168.42
 12 2009    0.0069   0.3773   0.0798  10.3259  12.8898   23.6989  -169.54
 12 2010    0.0045   0.3626   0.0778  10.2616  12.8065   23.8631  -170.76
 12 2011    0.0251   0.4270   0.0851  10.2089  12.8461   24.1055  -169.78
 12 2012    0.0096   0.4322   0.0872  10.1525  12.7815   24.3185  -170.67
 12 2013    0.0154   0.5006   0.0962  10.1063  12.8184   24.6001  -169.76
 12 2014    0.0175   0.5406   0.1012  10.0580  12.8174   24.8639  -169.54
 12 2015    0.0177   0.5774   0.1058  10.0114  12.8123   25.1369  -169.39
 12 2016    0.0150   0.5980   0.1083   9.9638  12.7850   25.4000  -169.64
 12 2017    0.0165   0.6258   0.1115   9.9183  12.7721   25.6749  -169.65
 12 2018    0.0300   0.6876   0.1184   9.8788  12.8148   25.9893  -168.71
 12 2019    0.0149   0.6914   0.1196   9.8348  12.7607   26.2705  -169.44
 12 2020    0.0139   0.7256   0.1239   9.7958  12.7591   26.5831  -169.26
 12 2021    0.0128   0.7274   0.1234   9.7522  12.7158   26.8618  -169.80
 12 2022    0.0245   0.7770   0.1289   9.7159  12.7463   27.1892  -169.09
 12 2023    0.0100   0.7403   0.1243   9.6691  12.6437   27.4404  -170.66
 12 2024    0.0200   0.7845   0.1292   9.6334  12.6671   27.7666  -170.07
 12 2025    0.0171   0.8087   0.1324   9.5976  12.6558   28.0903  -170.09
 12 2026    0.0236   0.8455   0.1365   9.5641  12.6697   28.4277  -169.67
 12 2027    0.0138   0.8444   0.1367   9.5274  12.6223   28.7411  -170.30
 12 2028    0.0126   0.8696   0.1398   9.4951  12.6172   29.0832  -170.21
 12 2029    0.0126   0.8651   0.1386   9.4582  12.5744   29.3911  -170.77
 12 2030    0.0160   0.8709   0.1386   9.4229  12.5485   29.7078  -171.04
 12 2031    0.0220   0.9215   0.1450   9.3960  12.5845   30.0817  -170.27
 12 2032    0.0232   0.9468   0.1480   9.3669  12.5849   30.4384  -170.10
 12 2033    0.0222   0.9737   0.1514   9.3397  12.5871   30.8071  -169.89
 12 2034    0.0257   0.9877   0.1526   9.3106  12.5766   31.1599  -169.90
 12 2035    0.0160   0.9674   0.1500   9.2776  12.5110   31.4841  -170.85
 12 2036    0.0202   0.9841   0.1517   9.2492  12.5052   31.8390  -170.79
 12 2037    0.0190   1.0039   0.1543   9.2231  12.5003   32.2080  -170.71
 12 2038    0.0143   0.9959   0.1532   9.1933  12.4567   32.5492  -171.28
 12 2039    0.0251   0.9929   0.1514   9.1623  12.4316   32.8803  -171.56
 12 2040    0.0131   0.9487   0.1459   9.1263  12.3339   33.1745  -173.08
 12 2041    0.0179   0.9721   0.1488   9.0997  12.3385   33.5330  -172.84
 12 2042    0.0236   0.9820   0.1496   9.0712  12.3265   33.8764  -172.89
 12 2043    0.0213   0.9815   0.1496   9.0426  12.2949   34.2169  -173.27
 12 2044    0.0187   0.9747   0.1487   9.0129  12.2550   34.5480  -173.81
 12 2045    0.0186   0.9661   0.1474   8.9825  12.2146   34.8732  -174.36
 12 2046    0.0393   1.0237   0.1537   8.9615  12.2782   35.2618  -173.10
 12 2047    0.0159   0.9899   0.1508   8.9315  12.1880   35.5860  -174.52
 12 2048    0.0165   1.0133   0.1539   8.9087  12.1924   35.9596  -174.28
