MON   YR       DPM      RPM      BIO      HUM    TOTAL       CO2     D14C
 12 1940    0.0000   4.0892   0.4240  18.2737  24.8869    1.7301   -94.75
 12 1941    0.3066   3.6374   0.3924  18.1709  24.6073    3.3197   -96.68
 12 1942    0.0602   2.8888   0.3504  18.0500  23.4494    4.7727  -101.18
 12 1943    0.0617   2.3001   0.2941  17.8766  22.6324    5.8367  -104.74
 12 1944    0.0532   1.8267   0.2476  17.6838  21.9113    6.7421  -108.06
 12 1945    0.0511   1.4639   0.2109  17.4777  21.3036    7.5287  -111.18
 12 1946    0.0632   1.2360   0.1885  17.2704  20.8582    8.2800  -113.71
 12 1947    0.0426   1.0082   0.1658  17.0531  20.3697    8.9351  -116.33
 12 1948    0.0470   0.8393   0.1471  16.8298  19.9633    9.5196  -118.66
 12 1949    0.0512   0.7253   0.1348  16.6072  19.6185   10.0807  -120.75
 12 1950    0.0467   0.6346   0.1254  16.3848  19.2914   10.6148  -122.65
 12 1951    0.0394   0.5581   0.1173  16.1619  18.9767   11.1177  -124.56
 12 1952    0.0723   0.5232   0.1105  15.9393  18.7453   11.5937  -126.10
 12 1953    0.1021   0.5435   0.1114  15.7274  18.5844   12.1176  -127.31
 12 1954    0.0483   0.4885   0.1090  15.5171  18.2629   12.6258  -129.30
 12 1955    0.0635   0.4702   0.1050  15.3046  18.0433   13.0917  -130.61
 12 1956    0.0637   0.4526   0.1023  15.0957  17.8144   13.5567  -131.84
 12 1957    0.0606   0.4580   0.1033  14.8936  17.6156   14.0424  -132.31
 12 1958    0.0501   0.4287   0.0996  14.6897  17.3681   14.4899  -133.09
 12 1959    0.0906   0.4450   0.0975  14.4885  17.2217   14.9313  -131.49
 12 1960    0.0690   0.4551   0.1008  14.2982  17.0230   15.4238  -132.04
 12 1961    0.0134   0.3692   0.0931  14.0989  16.6746   15.8288  -135.52
 12 1962    0.0164   0.3093   0.0839  13.8942  16.4038   16.1700  -137.43
 12 1963    0.0228   0.2793   0.0790  13.6930  16.1741   16.5097  -135.84
 12 1964    0.0167   0.2402   0.0739  13.4925  15.9233   16.8293  -137.12
 12 1965    0.0144   0.2099   0.0698  13.2934  15.6875   17.1331  -138.76
 12 1966    0.0220   0.1975   0.0671  13.0971  15.4838   17.4314  -139.23
 12 1967    0.0209   0.1894   0.0659  12.9048  15.2809   17.7327  -140.32
 12 1968    0.0163   0.1741   0.0638  12.7140  15.0682   18.0206  -142.39
 12 1969    0.0131   0.1581   0.0615  12.5248  14.8574   18.2958  -144.70
 12 1970    0.0130   0.1498   0.0600  12.3384  14.6612   18.5669  -146.63
 12 1971    0.0152   0.1426   0.0583  12.1542  14.4703   18.8298  -148.50
 12 1972    0.0098   0.1243   0.0557  11.9713  14.2611   19.0783  -151.36
 12 1973    0.0104   0.1115   0.0534  11.7902  14.0655   19.3162  -153.80
 12 1974    0.0111   0.1141   0.0534  11.6138  13.8924   19.5644  -155.47
 12 1975    0.0097   0.1080   0.0522  11.4390  13.7089   19.8018  -157.66
 12 1976    0.0144   0.1064   0.0510  11.2665  13.5382   20.0331  -159.51
 12 1977    0.0106   0.1031   0.0504  11.0973  13.3614   20.2662  -161.77
 12 1978    0.0105   0.1049   0.0502  10.9311  13.1966   20.4986  -163.70
 12 1979    0.0114   0.1055   0.0496  10.7672  13.0338   20.7266  -165.68
 12 1980    0.0188   0.1106   0.0491  10.6060  12.8844   20.9522  -167.31
 12 1981    0.0191   0.1185   0.0496  10.4490  12.7362   21.1875  -169.03
 12 1982    0.0137   0.1153   0.0491  10.2937  12.5719   21.4154  -171.40
 12 1983    0.0140   0.1136   0.0483  10.1403  12.4162   21.6365  -173.58
 12 1984    0.0149   0.1112   0.0473   9.9889  12.2623   21.8524  -175.80
 12 1985    0.0110   0.1098   0.0470   9.8406  12.1084   22.0706  -178.11
 12 1986    0.0162   0.1139   0.0466   9.6943  11.9710   22.2845  -180.00
 12 1987    0.0215   0.1194   0.0463   9.5508  11.8379   22.4993  -181.85
 12 1988    0.0162   0.1181   0.0461   9.4100  11.6905   22.7156  -184.22
 12 1989    0.0120   0.1101   0.0449   9.2700  11.5370   22.9197  -186.86
 12 1990    0.0151   0.1116   0.0443   9.1325  11.4036   23.1234  -188.98
 12 1991    0.0200   0.1231   0.0451   8.9988  11.2869   23.3361  -190.69
 12 1992    0.0158   0.1200   0.0445   8.8665  11.1468   23.5422  -193.16
 12 1993    0.0146   0.1184   0.0439   8.7360  11.0129   23.7443  -195.53
 12 1994    0.0209   0.1269   0.0441   8.6083  10.9001   23.9496  -197.36
 12 1995    0.0198   0.1326   0.0445   8.4836  10.7806   24.1600  -199.46
 12 1996    0.0155   0.1293   0.0440   8.3601  10.6490   24.3631  -201.98
 12 1997    0.0132   0.1239   0.0430   8.2378  10.5179   24.5584  -204.56
 12 1998    0.0129   0.1234   0.0425   8.1176  10.3965   24.7538  -206.94
 12 1999    0.0150   0.1221   0.0417   7.9988  10.2777   24.9436  -209.30
 12 2000    0.0098   0.1086   0.0399   7.8805  10.1388   25.1218  -212.34
 12 2001    0.0105   0.0996   0.0382   7.7631  10.0114   25.2914  -215.12
 12 2002    0.0126   0.1047   0.0385   7.6493   9.9051   25.4715  -217.33
 12 2003    0.0284   0.1581   0.0445   7.5930   9.9239   25.6278  -216.29
 12 2004    0.0338   0.2197   0.0525   7.5427   9.9487   25.8233  -215.11
 12 2005    0.1201   0.4226   0.0727   7.5112  10.2265   26.1470  -206.87
 12 2006    0.0874   0.5052   0.0865   7.4813  10.2604   26.4801  -205.59
 12 2007    0.0125   0.4535   0.0848   7.4365  10.0874   26.7067  -209.94
 12 2008    0.0699   0.5063   0.0857   7.3931  10.1549   26.9383  -207.78
 12 2009    0.0357   0.4977   0.0868   7.3520  10.0722   27.1841  -209.70
 12 2010    0.0365   0.4950   0.0855   7.3081  10.0251   27.4070  -210.69
 12 2011    0.1082   0.5703   0.0886   7.2697  10.1369   27.6655  -207.44
 12 2012    0.0462   0.5607   0.0927   7.2355  10.0352   27.9506  -209.88
 12 2013    0.0769   0.6301   0.0992   7.2047  10.1108   28.2576  -207.64
 12 2014    0.0701   0.6681   0.1047   7.1762  10.1191   28.5783  -207.19
 12 2015    0.0658   0.6971   0.1085   7.1480  10.1194   28.8986  -206.96
 12 2016    0.0682   0.7046   0.1085   7.1165  10.0977   29.1941  -207.32
 12 2017    0.0713   0.7307   0.1113   7.0887  10.1020   29.5139  -207.01
 12 2018    0.1156   0.7826   0.1137   7.0618  10.1738   29.8376  -205.00
 12 2019    0.0652   0.7822   0.1181   7.0395  10.1049   30.1911  -206.56
 12 2020    0.0524   0.8063   0.1223   7.0184  10.0994   30.5522  -206.51
 12 2021    0.0579   0.8256   0.1240   6.9954  10.1029   30.8983  -206.24
 12 2022    0.1039   0.8720   0.1255   6.9728  10.1743   31.2455  -204.28
 12 2023    0.0284   0.8058   0.1228   6.9469  10.0038   31.5678  -208.41
 12 2024    0.1111   0.9209   0.1311   6.9327  10.1958   31.9710  -203.42
 12 2025    0.0547   0.9105   0.1346   6.9172  10.1170   32.3633  -205.22
 12 2026    0.1129   0.9781   0.1381   6.9019  10.2310   32.7561  -202.25
 12 2027    0.0819   0.9825   0.1412   6.8884  10.1939   33.1606  -203.00
 12 2028    0.1024   1.0125   0.1428   6.8739  10.2316   33.5571  -201.93
 12 2029    0.0662   1.0064   0.1451   6.8616  10.1794   33.9685  -203.05
 12 2030    0.0814   0.9940   0.1412   6.8416  10.1582   34.3242  -203.41
 12 2031    0.0999   0.9938   0.1390   6.8228  10.1555   34.6869  -203.35
 12 2032    0.0533   0.9621   0.1389   6.8066  10.0609   35.0669  -205.51
 12 2033    0.1252   1.0208   0.1402   6.7910  10.1772   35.4496  -202.52
 12 2034    0.0661   1.0089   0.1442   6.7814  10.1006   35.8737  -204.22
 12 2035    0.0846   1.0291   0.1451   6.7680  10.1268   36.2702  -203.45
 12 2036    0.0697   1.0143   0.1442   6.7532  10.0814   36.6563  -204.41
 12 2037    0.0727   1.0280   0.1458   6.7410  10.0874   37.0589  -204.11
 12 2038    0.0731   1.0214   0.1445   6.7264  10.0655   37.4445  -204.49
 12 2039    0.0829   1.0647   0.1499   6.7198  10.1172   37.8844  -203.11
 12 2040    0.0536   1.0201   0.1460   6.7038  10.0235   38.2587  -205.25
 12 2041    0.0537   0.9627   0.1374   6.6800   9.9337   38.5761  -207.33
 12 2042    0.0977   1.0666   0.1484   6.6785  10.0913   39.0493  -203.31
 12 2043    0.1031   1.0814   0.1498   6.6687  10.1029   39.4637  -202.88
 12 2044    0.0539   1.0514   0.1501   6.6587  10.0141   39.8764  -204.89
 12 2045    0.1214   1.0843   0.1479   6.6447  10.0984   40.2596  -202.72
 12 2046    0.0600   1.0860   0.1544   6.6425  10.0430   40.7254  -203.92
 12 2047    0.0697   1.0658   0.1501   6.6278  10.0133   41.1027  -204.51
 12 2048    0.0658   1.0398   0.1465   6.6132   9.9653   41.4795  -205.55
