MON   YR       DPM      RPM      BIO      HUM    TOTAL       CO2     D14C
 12 1940    0.0000   4.0892   0.4240  18.2737  24.8869    1.7301   -94.75
 12 1941    0.3066   3.6374   0.3924  18.1709  24.6073    3.3197   -96.68
 12 1942    0.0602   2.8888   0.3504  18.0500  23.4494    4.7727  -101.18
 12 1943    0.0617   2.3001   0.2941  17.8766  22.6324    5.8367  -104.74
 12 1944    0.0532   1.8267   0.2476  17.6838  21.9113    6.7421  -108.06
 12 1945    0.0511   1.4639   0.2109  17.4777  21.3036    7.5287  -111.18
 12 1946    0.0632   1.2360   0.1885  17.2704  20.8582    8.2800  -113.71
 12 1947    0.0426   1.0082   0.1658  17.0531  20.3697    8.9351  -116.33
 12 1948    0.0470   0.8393   0.1471  16.8298  19.9633    9.5196  -118.66
 12 1949    0.0512   0.7253   0.1348  16.6072  19.6185   10.0807  -120.75
 12 1950    0.0467   0.6346   0.1254  16.3848  19.2914   10.6148  -122.65
 12 1951    0.0394   0.5581   0.1173  16.1619  18.9767   11.1177  -124.56
 12 1952    0.0723   0.5232   0.1105  15.9393  18.7453   11.5937  -126.10
 12 1953    0.1021   0.5435   0.1114  15.7274  18.5844   12.1176  -127.31
 12 1954    0.0483   0.4885   0.1090  15.5171  18.2629   12.6258  -129.30
 12 1955    0.0635   0.4702   0.1050  15.3046  18.0433   13.0917  -130.61
 12 1956    0.0637   0.4526   0.1023  15.0957  17.8144   13.5567  -131.84
 12 1957    0.0606   0.4580   0.1033  14.8936  17.6156   14.0424  -132.31
 12 1958    0.0501   0.4287   0.0996  14.6897  17.3681   14.4899  -133.09
 12 1959    0.0906   0.4450   0.0975  14.4885  17.2217   14.9313  -131.49
 12 1960    0.0690   0.4551   0.1008  14.2982  17.0230   15.4238  -132.04
 12 1961    0.0134   0.3692   0.0931  14.0989  16.6746   15.8288  -135.52
 12 1962    0.0164   0.3093   0.0839  13.8942  16.4038   16.1700  -137.43
 12 1963    0.0228   0.2793   0.0790  13.6930  16.1741   16.5097  -135.84
 12 1964    0.0167   0.2402   0.0739  13.4925  15.9233   16.8293  -137.12
 12 1965    0.0144   0.2099   0.0698  13.2934  15.6875   17.1331  -138.76
 12 1966    0.0220   0.1975   0.0671  13.0971  15.4838   17.4314  -139.23
 12 1967    0.0209   0.1894   0.0659  12.9048  15.2809   17.7327  -140.32
 12 1968    0.0163   0.1741   0.0638  12.7140  15.0682   18.0206  -142.39
 12 1969    0.0131   0.1581   0.0615  12.5248  14.8574   18.2958  -144.70
 12 1970    0.0130   0.1498   0.0600  12.3384  14.6612   18.5669  -146.63
 12 1971    0.0152   0.1426   0.0583  12.1542  14.4703   18.8298  -148.50
 12 1972    0.0098   0.1243   0.0557  11.9713  14.2611   19.0783  -151.36
 12 1973    0.0104   0.1115   0.0534  11.7902  14.0655   19.3162  -153.80
 12 1974    0.0111   0.1141   0.0534  11.6138  13.8924   19.5644  -155.47
 12 1975    0.0097   0.1080   0.0522  11.4390  13.7089   19.8018  -157.66
 12 1976    0.0144   0.1064   0.0510  11.2665  13.5382   20.0331  -159.51
 12 1977    0.0106   0.1031   0.0504  11.0973  13.3614   20.2662  -161.77
 12 1978    0.0105   0.1049   0.0502  10.9311  13.1966   20.4986  -163.70
 12 1979    0.0114   0.1055   0.0496  10.7672  13.0338   20.7266  -165.68
 12 1980    0.0188   0.1106   0.0491  10.6060  12.8844   20.9522  -167.31
 12 1981    0.0191   0.1185   0.0496  10.4490  12.7362   21.1875  -169.03
 12 1982    0.0137   0.1153   0.0491  10.2937  12.5719   21.4154  -171.40
 12 1983    0.0140   0.1136   0.0483  10.1403  12.4162   21.6365  -173.58
 12 1984    0.0149   0.1112   0.0473   9.9889  12.2623   21.8524  -175.80
 12 1985    0.0110   0.1098   0.0470   9.8406  12.1084   22.0706  -178.11
 12 1986    0.0162   0.1139   0.0466   9.6943  11.9710   22.2845  -180.00
 12 1987    0.0215   0.1194   0.0463   9.5508  11.8379   22.4993  -181.85
 12 1988    0.0162   0.1181   0.0461   9.4100  11.6905   22.7156  -184.22
 12 1989    0.0120   0.1101   0.0449   9.2700  11.5370   22.9197  -186.86
 12 1990    0.0151   0.1116   0.0443   9.1325  11.4036   23.1234  -188.98
 12 1991    0.0200   0.1231   0.0451   8.9988  11.2869   23.3361  -190.69
 12 1992    0.0158   0.1200   0.0445   8.8665  11.1468   23.5422  -193.16
 12 1993    0.0146   0.1184   0.0439   8.7360  11.0129   23.7443  -195.53
 12 1994    0.0209   0.1269   0.0441   8.6083  10.9001   23.9496  -197.36
 12 1995    0.0198   0.1326   0.0445   8.4836  10.7806   24.1600  -199.46
 12 1996    0.0155   0.1293   0.0440   8.3601  10.6490   24.3631  -201.98
 12 1997    0.0132   0.1239   0.0430   8.2378  10.5179   24.5584  -204.56
 12 1998    0.0129   0.1234   0.0425   8.1176  10.3965   24.7538  -206.94
 12 1999    0.0150   0.1221   0.0417   7.9988  10.2777   24.9436  -209.30
 12 2000    0.0098   0.1086   0.0399   7.8805  10.1388   25.1218  -212.34
 12 2001    0.0105   0.0996   0.0382   7.7631  10.0114   25.2914  -215.12
 12 2002    0.0126   0.1047   0.0385   7.6493   9.9051   25.4715  -217.33
 12 2003    0.0369   0.1590   0.0437   7.5919   9.9314   25.6203  -216.06
 12 2004    0.0386   0.2056   0.0499   7.5388   9.9329   25.7957  -215.57
 12 2005    0.0604   0.2686   0.0562   7.4886   9.9739   25.9875  -213.97
 12 2006    0.1249   0.3882   0.0663   7.4463  10.1258   26.2311  -209.30
 12 2007    0.0182   0.3632   0.0723   7.4045   9.9582   26.4759  -213.62
 12 2008    0.0178   0.3377   0.0676   7.3500   9.8730   26.6280  -215.68
 12 2009    0.0253   0.3358   0.0659   7.2981   9.8251   26.7944  -216.71
 12 2010    0.0362   0.3472   0.0660   7.2485   9.7978   26.9725  -217.17
 12 2011    0.0594   0.3731   0.0670   7.2007   9.8002   27.1603  -216.80
 12 2012    0.0278   0.3571   0.0674   7.1534   9.7057   27.3487  -219.19
 12 2013    0.0895   0.4840   0.0795   7.1206   9.8736   27.6353  -214.22
 12 2014    0.0607   0.4934   0.0829   7.0831   9.8200   27.8862  -215.43
 12 2015    0.0771   0.5604   0.0904   7.0518   9.8796   28.1786  -213.54
 12 2016    0.0514   0.5468   0.0900   7.0141   9.8023   28.4230  -215.42
 12 2017    0.1154   0.6379   0.0961   6.9840   9.9335   28.7188  -211.66
 12 2018    0.0788   0.6464   0.1001   6.9552   9.8806   29.0217  -212.86
 12 2019    0.0945   0.6981   0.1053   6.9290   9.9270   29.3407  -211.43
 12 2020    0.0551   0.6837   0.1063   6.9001   9.8453   29.6385  -213.38
 12 2021    0.0869   0.7356   0.1101   6.8746   9.9072   29.9580  -211.54
 12 2022    0.0650   0.7183   0.1090   6.8454   9.8376   30.2500  -213.18
 12 2023    0.0319   0.6694   0.1047   6.8116   9.7176   30.5077  -216.21
 12 2024    0.1616   0.8151   0.1127   6.7910   9.9804   30.8551  -209.08
 12 2025    0.0329   0.7653   0.1178   6.7728   9.7888   31.2189  -213.91
 12 2026    0.1677   0.8752   0.1197   6.7498  10.0123   31.5466  -207.92
 12 2027    0.0425   0.8240   0.1241   6.7339   9.8245   31.9235  -212.59
 12 2028    0.1556   0.9160   0.1256   6.7132  10.0104   32.2650  -207.63
 12 2029    0.0483   0.8724   0.1294   6.6989   9.8490   32.6508  -211.61
 12 2030    0.1466   0.9422   0.1291   6.6785   9.9963   32.9916  -207.67
 12 2031    0.0425   0.8879   0.1312   6.6635   9.8251   33.3699  -211.89
 12 2032    0.1178   0.9369   0.1304   6.6435   9.9286   33.7108  -209.08
 12 2033    0.0683   0.9198   0.1326   6.6288   9.8494   34.0884  -210.94
 12 2034    0.1153   0.9583   0.1331   6.6119   9.9187   34.4493  -208.99
 12 2035    0.0400   0.8979   0.1316   6.5939   9.7634   34.8015  -212.84
 12 2036    0.1368   0.9500   0.1292   6.5728   9.8888   35.1295  -209.45
 12 2037    0.0489   0.9209   0.1338   6.5618   9.7654   35.5281  -212.46
 12 2038    0.1488   0.9844   0.1328   6.5436   9.9096   35.8750  -208.60
 12 2039    0.0332   0.9202   0.1349   6.5315   9.7198   36.2636  -213.33
 12 2040    0.0902   0.9329   0.1309   6.5102   9.7642   36.5864  -212.03
 12 2041    0.0299   0.8461   0.1241   6.4855   9.5856   36.8837  -216.58
 12 2042    0.1436   0.9453   0.1275   6.4696   9.7859   37.2407  -211.15
 12 2043    0.0469   0.8992   0.1304   6.4571   9.6337   37.6216  -214.97
 12 2044    0.1102   0.9320   0.1288   6.4380   9.7090   37.9543  -212.82
 12 2045    0.0558   0.8922   0.1284   6.4216   9.5980   38.3049  -215.61
 12 2046    0.1000   0.9673   0.1352   6.4130   9.7155   38.7086  -212.37
 12 2047    0.0320   0.8896   0.1303   6.3933   9.5453   39.0346  -216.72
 12 2048    0.1264   0.9248   0.1258   6.3711   9.6482   39.3405  -213.83
