MON   YR       DPM      RPM      BIO      HUM    TOTAL       CO2     D14C
 12 1940    0.0000   4.0892   0.4240  18.2737  24.8869    1.7301   -94.75
 12 1941    0.3066   3.6374   0.3924  18.1709  24.6073    3.3197   -96.68
 12 1942    0.0602   2.8888   0.3504  18.0500  23.4494    4.7727  -101.18
 12 1943    0.0617   2.3001   0.2941  17.8766  22.6324    5.8367  -104.74
 12 1944    0.0532   1.8267   0.2476  17.6838  21.9113    6.7421  -108.06
 12 1945    0.0511   1.4639   0.2109  17.4777  21.3036    7.5287  -111.18
 12 1946    0.0632   1.2360   0.1885  17.2704  20.8582    8.2800  -113.71
 12 1947    0.0426   1.0082   0.1658  17.0531  20.3697    8.9351  -116.33
 12 1948    0.0470   0.8393   0.1471  16.8298  19.9633    9.5196  -118.66
 12 1949    0.0512   0.7253   0.1348  16.6072  19.6185   10.0807  -120.75
 12 1950    0.0467   0.6346   0.1254  16.3848  19.2914   10.6148  -122.65
 12 1951    0.0394   0.5581   0.1173  16.1619  18.9767   11.1177  -124.56
 12 1952    0.0723   0.5232   0.1105  15.9393  18.7453   11.5937  -126.10
 12 1953    0.1021   0.5435   0.1114  15.7274  18.5844   12.1176  -127.31
 12 1954    0.0483   0.4885   0.1090  15.5171  18.2629   12.6258  -129.30
 12 1955    0.0635   0.4702   0.1050  15.3046  18.0433   13.0917  -130.61
 12 1956    0.0637   0.4526   0.1023  15.0957  17.8144   13.5567  -131.84
 12 1957    0.0606   0.4580   0.1033  14.8936  17.6156   14.0424  -132.31
 12 1958    0.0501   0.4287   0.0996  14.6897  17.3681   14.4899  -133.09
 12 1959    0.0906   0.4450   0.0975  14.4885  17.2217   14.9313  -131.49
 12 1960    0.0690   0.4551   0.1008  14.2982  17.0230   15.4238  -132.04
 12 1961    0.0134   0.3692   0.0931  14.0989  16.6746   15.8288  -135.52
 12 1962    0.0164   0.3093   0.0839  13.8942  16.4038   16.1700  -137.43
 12 1963    0.0228   0.2793   0.0790  13.6930  16.1741   16.5097  -135.84
 12 1964    0.0167   0.2402   0.0739  13.4925  15.9233   16.8293  -137.12
 12 1965    0.0144   0.2099   0.0698  13.2934  15.6875   17.1331  -138.76
 12 1966    0.0220   0.1975   0.0671  13.0971  15.4838   17.4314  -139.23
 12 1967    0.0209   0.1894   0.0659  12.9048  15.2809   17.7327  -140.32
 12 1968    0.0163   0.1741   0.0638  12.7140  15.0682   18.0206  -142.39
 12 1969    0.0131   0.1581   0.0615  12.5248  14.8574   18.2958  -144.70
 12 1970    0.0130   0.1498   0.0600  12.3384  14.6612   18.5669  -146.63
 12 1971    0.0152   0.1426   0.0583  12.1542  14.4703   18.8298  -148.50
 12 1972    0.0098   0.1243   0.0557  11.9713  14.2611   19.0783  -151.36
 12 1973    0.0104   0.1115   0.0534  11.7902  14.0655   19.3162  -153.80
 12 1974    0.0111   0.1141   0.0534  11.6138  13.8924   19.5644  -155.47
 12 1975    0.0097   0.1080   0.0522  11.4390  13.7089   19.8018  -157.66
 12 1976    0.0144   0.1064   0.0510  11.2665  13.5382   20.0331  -159.51
 12 1977    0.0106   0.1031   0.0504  11.0973  13.3614   20.2662  -161.77
 12 1978    0.0105   0.1049   0.0502  10.9311  13.1966   20.4986  -163.70
 12 1979    0.0114   0.1055   0.0496  10.7672  13.0338   20.7266  -165.68
 12 1980    0.0188   0.1106   0.0491  10.6060  12.8844   20.9522  -167.31
 12 1981    0.0191   0.1185   0.0496  10.4490  12.7362   21.1875  -169.03
 12 1982    0.0137   0.1153   0.0491  10.2937  12.5719   21.4154  -171.40
 12 1983    0.0140   0.1136   0.0483  10.1403  12.4162   21.6365  -173.58
 12 1984    0.0149   0.1112   0.0473   9.9889  12.2623   21.8524  -175.80
 12 1985    0.0110   0.1098   0.0470   9.8406  12.1084   22.0706  -178.11
 12 1986    0.0162   0.1139   0.0466   9.6943  11.9710   22.2845  -180.00
 12 1987    0.0215   0.1194   0.0463   9.5508  11.8379   22.4993  -181.85
 12 1988    0.0162   0.1181   0.0461   9.4100  11.6905   22.7156  -184.22
 12 1989    0.0120   0.1101   0.0449   9.2700  11.5370   22.9197  -186.86
 12 1990    0.0151   0.1116   0.0443   9.1325  11.4036   23.1234  -188.98
 12 1991    0.0200   0.1231   0.0451   8.9988  11.2869   23.3361  -190.69
 12 1992    0.0158   0.1200   0.0445   8.8665  11.1468   23.5422  -193.16
 12 1993    0.0146   0.1184   0.0439   8.7360  11.0129   23.7443  -195.53
 12 1994    0.0209   0.1269   0.0441   8.6083  10.9001   23.9496  -197.36
 12 1995    0.0198   0.1326   0.0445   8.4836  10.7806   24.1600  -199.46
 12 1996    0.0155   0.1293   0.0440   8.3601  10.6490   24.3631  -201.98
 12 1997    0.0132   0.1239   0.0430   8.2378  10.5179   24.5584  -204.56
 12 1998    0.0129   0.1234   0.0425   8.1176  10.3965   24.7538  -206.94
 12 1999    0.0150   0.1221   0.0417   7.9988  10.2777   24.9436  -209.30
 12 2000    0.0098   0.1086   0.0399   7.8805  10.1388   25.1218  -212.34
 12 2001    0.0105   0.0996   0.0382   7.7631  10.0114   25.2914  -215.12
 12 2002    0.0126   0.1047   0.0385   7.6493   9.9051   25.4715  -217.33
 12 2003    0.0282   0.1489   0.0431   7.5467   9.8670   25.6848  -217.58
 12 2004    0.0481   0.2011   0.0482   7.4497   9.8471   25.9248  -217.33
 12 2005    0.1068   0.3342   0.0609   7.3674   9.9692   26.2566  -213.00
 12 2006    0.0692   0.3492   0.0653   7.2862   9.8699   26.5871  -215.11
 12 2007    0.0268   0.2999   0.0611   7.1968   9.6847   26.8503  -219.83
 12 2008    0.0307   0.2823   0.0576   7.1058   9.5764   27.0897  -222.37
 12 2009    0.0344   0.2806   0.0567   7.0176   9.4894   27.3385  -224.34
 12 2010    0.0404   0.2844   0.0564   6.9313   9.4124   27.5892  -226.04
 12 2011    0.0753   0.3194   0.0577   6.8485   9.4007   27.8544  -225.79
 12 2012    0.0513   0.3180   0.0594   6.7697   9.2984   28.1386  -228.32
 12 2013    0.0527   0.3431   0.0625   6.6942   9.2525   28.4357  -229.18
 12 2014    0.0631   0.3680   0.0646   6.6206   9.2163   28.7366  -229.74
 12 2015    0.0693   0.3880   0.0663   6.5494   9.1731   29.0460  -230.54
 12 2016    0.0560   0.3708   0.0645   6.4763   9.0676   29.3330  -233.33
 12 2017    0.0606   0.3829   0.0655   6.4064   9.0153   29.6335  -234.49
 12 2018    0.0873   0.3999   0.0648   6.3362   8.9882   29.9239  -234.87
 12 2019    0.0569   0.4029   0.0680   6.2729   8.9007   30.2542  -237.20
 12 2020    0.0562   0.4086   0.0685   6.2079   8.8412   30.5646  -238.64
 12 2021    0.0499   0.4008   0.0676   6.1426   8.7610   30.8653  -240.81
 12 2022    0.0582   0.3883   0.0647   6.0751   8.6863   31.1420  -242.84
 12 2023    0.0460   0.3712   0.0632   6.0093   8.5897   31.4223  -245.66
 12 2024    0.0654   0.3831   0.0630   5.9446   8.5560   31.7023  -246.36
 12 2025    0.0578   0.3930   0.0650   5.8846   8.5005   32.0079  -247.84
 12 2026    0.0812   0.4122   0.0652   5.8240   8.4826   32.3020  -248.03
 12 2027    0.0669   0.4243   0.0681   5.7690   8.4283   32.6280  -249.51
 12 2028    0.0822   0.4415   0.0686   5.7131   8.4053   32.9404  -249.89
 12 2029    0.0785   0.4591   0.0712   5.6616   8.3704   33.2781  -250.73
 12 2030    0.0770   0.4595   0.0709   5.6087   8.3160   33.5992  -252.25
 12 2031    0.0728   0.4607   0.0712   5.5574   8.2620   33.9248  -253.81
 12 2032    0.0635   0.4557   0.0711   5.5064   8.1967   34.2464  -255.79
 12 2033    0.0872   0.4898   0.0735   5.4590   8.2096   34.5872  -254.93
 12 2034    0.0794   0.4959   0.0748   5.4134   8.1635   34.9345  -256.23
 12 2035    0.0683   0.4887   0.0745   5.3670   8.0984   35.2712  -258.27
 12 2036    0.0682   0.4734   0.0719   5.3180   8.0315   35.5837  -260.40
 12 2037    0.0779   0.4980   0.0745   5.2748   8.0252   35.9308  -260.27
 12 2038    0.0792   0.4915   0.0731   5.2292   7.9730   36.2561  -261.88
 12 2039    0.0575   0.4839   0.0741   5.1867   7.9021   36.5976  -264.26
 12 2040    0.0558   0.4624   0.0709   5.1395   7.8287   36.9004  -266.78
 12 2041    0.0465   0.4158   0.0650   5.0876   7.7149   37.1648  -270.97
 12 2042    0.0709   0.4332   0.0653   5.0406   7.7100   37.4568  -270.81
 12 2043    0.0927   0.4777   0.0697   5.0006   7.7407   37.7925  -269.23
 12 2044    0.0577   0.4558   0.0697   4.9593   7.6424   38.1144  -272.87
 12 2045    0.0888   0.4734   0.0690   4.9163   7.6476   38.4195  -272.34
 12 2046    0.0537   0.4789   0.0733   4.8813   7.5872   38.7753  -274.50
 12 2047    0.0543   0.4632   0.0705   4.8392   7.5272   39.0766  -276.68
 12 2048    0.0580   0.4310   0.0653   4.7930   7.4473   39.3444  -279.75
