MON   YR       DPM      RPM      BIO      HUM    TOTAL       CO2     D14C
 12 1940    0.0000   4.0892   0.4240  18.2737  24.8869    1.7301   -94.75
 12 1941    0.3066   3.6374   0.3924  18.1709  24.6073    3.3197   -96.68
 12 1942    0.0602   2.8888   0.3504  18.0500  23.4494    4.7727  -101.18
 12 1943    0.0617   2.3001   0.2941  17.8766  22.6324    5.8367  -104.74
 12 1944    0.0532   1.8267   0.2476  17.6838  21.9113    6.7421  -108.06
 12 1945    0.0511   1.4639   0.2109  17.4777  21.3036    7.5287  -111.18
 12 1946    0.0632   1.2360   0.1885  17.2704  20.8582    8.2800  -113.71
 12 1947    0.0426   1.0082   0.1658  17.0531  20.3697    8.9351  -116.33
 12 1948    0.0470   0.8393   0.1471  16.8298  19.9633    9.5196  -118.66
 12 1949    0.0512   0.7253   0.1348  16.6072  19.6185   10.0807  -120.75
 12 1950    0.0467   0.6346   0.1254  16.3848  19.2914   10.6148  -122.65
 12 1951    0.0394   0.5581   0.1173  16.1619  18.9767   11.1177  -124.56
 12 1952    0.0723   0.5232   0.1105  15.9393  18.7453   11.5937  -126.10
 12 1953    0.1021   0.5435   0.1114  15.7274  18.5844   12.1176  -127.31
 12 1954    0.0483   0.4885   0.1090  15.5171  18.2629   12.6258  -129.30
 12 1955    0.0635   0.4702   0.1050  15.3046  18.0433   13.0917  -130.61
 12 1956    0.0637   0.4526   0.1023  15.0957  17.8144   13.5567  -131.84
 12 1957    0.0606   0.4580   0.1033  14.8936  17.6156   14.0424  -132.31
 12 1958    0.0501   0.4287   0.0996  14.6897  17.3681   14.4899  -133.09
 12 1959    0.0906   0.4450   0.0975  14.4885  17.2217   14.9313  -131.49
 12 1960    0.0690   0.4551   0.1008  14.2982  17.0230   15.4238  -132.04
 12 1961    0.0134   0.3692   0.0931  14.0989  16.6746   15.8288  -135.52
 12 1962    0.0164   0.3093   0.0839  13.8942  16.4038   16.1700  -137.43
 12 1963    0.0228   0.2793   0.0790  13.6930  16.1741   16.5097  -135.84
 12 1964    0.0167   0.2402   0.0739  13.4925  15.9233   16.8293  -137.12
 12 1965    0.0144   0.2099   0.0698  13.2934  15.6875   17.1331  -138.76
 12 1966    0.0220   0.1975   0.0671  13.0971  15.4838   17.4314  -139.23
 12 1967    0.0209   0.1894   0.0659  12.9048  15.2809   17.7327  -140.32
 12 1968    0.0163   0.1741   0.0638  12.7140  15.0682   18.0206  -142.39
 12 1969    0.0131   0.1581   0.0615  12.5248  14.8574   18.2958  -144.70
 12 1970    0.0130   0.1498   0.0600  12.3384  14.6612   18.5669  -146.63
 12 1971    0.0152   0.1426   0.0583  12.1542  14.4703   18.8298  -148.50
 12 1972    0.0098   0.1243   0.0557  11.9713  14.2611   19.0783  -151.36
 12 1973    0.0104   0.1115   0.0534  11.7902  14.0655   19.3162  -153.80
 12 1974    0.0111   0.1141   0.0534  11.6138  13.8924   19.5644  -155.47
 12 1975    0.0097   0.1080   0.0522  11.4390  13.7089   19.8018  -157.66
 12 1976    0.0144   0.1064   0.0510  11.2665  13.5382   20.0331  -159.51
 12 1977    0.0106   0.1031   0.0504  11.0973  13.3614   20.2662  -161.77
 12 1978    0.0105   0.1049   0.0502  10.9311  13.1966   20.4986  -163.70
 12 1979    0.0114   0.1055   0.0496  10.7672  13.0338   20.7266  -165.68
 12 1980    0.0188   0.1106   0.0491  10.6060  12.8844   20.9522  -167.31
 12 1981    0.0191   0.1185   0.0496  10.4490  12.7362   21.1875  -169.03
 12 1982    0.0137   0.1153   0.0491  10.2937  12.5719   21.4154  -171.40
 12 1983    0.0140   0.1136   0.0483  10.1403  12.4162   21.6365  -173.58
 12 1984    0.0149   0.1112   0.0473   9.9889  12.2623   21.8524  -175.80
 12 1985    0.0110   0.1098   0.0470   9.8406  12.1084   22.0706  -178.11
 12 1986    0.0162   0.1139   0.0466   9.6943  11.9710   22.2845  -180.00
 12 1987    0.0215   0.1194   0.0463   9.5508  11.8379   22.4993  -181.85
 12 1988    0.0162   0.1181   0.0461   9.4100  11.6905   22.7156  -184.22
 12 1989    0.0120   0.1101   0.0449   9.2700  11.5370   22.9197  -186.86
 12 1990    0.0151   0.1116   0.0443   9.1325  11.4036   23.1234  -188.98
 12 1991    0.0200   0.1231   0.0451   8.9988  11.2869   23.3361  -190.69
 12 1992    0.0158   0.1200   0.0445   8.8665  11.1468   23.5422  -193.16
 12 1993    0.0146   0.1184   0.0439   8.7360  11.0129   23.7443  -195.53
 12 1994    0.0209   0.1269   0.0441   8.6083  10.9001   23.9496  -197.36
 12 1995    0.0198   0.1326   0.0445   8.4836  10.7806   24.1600  -199.46
 12 1996    0.0155   0.1293   0.0440   8.3601  10.6490   24.3631  -201.98
 12 1997    0.0132   0.1239   0.0430   8.2378  10.5179   24.5584  -204.56
 12 1998    0.0129   0.1234   0.0425   8.1176  10.3965   24.7538  -206.94
 12 1999    0.0150   0.1221   0.0417   7.9988  10.2777   24.9436  -209.30
 12 2000    0.0098   0.1086   0.0399   7.8805  10.1388   25.1218  -212.34
 12 2001    0.0105   0.0996   0.0382   7.7631  10.0114   25.2914  -215.12
 12 2002    0.0126   0.1047   0.0385   7.6493   9.9051   25.4715  -217.33
 12 2003    0.0305   0.1583   0.0443   7.5927   9.9257   25.6260  -216.23
 12 2004    0.0083   0.1540   0.0454   7.5335   9.8411   25.7582  -218.29
 12 2005    0.1286   0.3602   0.0630   7.4952  10.1470   26.0333  -209.09
 12 2006    0.0643   0.4015   0.0743   7.4585  10.0986   26.3177  -210.05
 12 2007    0.0196   0.3703   0.0729   7.4093   9.9721   26.5109  -213.22
 12 2008    0.0679   0.4163   0.0738   7.3619  10.0198   26.7128  -211.55
 12 2009    0.0256   0.3986   0.0746   7.3162   9.9150   26.9242  -214.14
 12 2010    0.0156   0.3733   0.0712   7.2655   9.8256   27.0960  -216.34
 12 2011    0.0631   0.4311   0.0745   7.2219   9.8906   27.3146  -214.23
 12 2012    0.0855   0.4981   0.0814   7.1855   9.9505   27.5808  -212.30
 12 2013    0.0413   0.5221   0.0887   7.1531   9.9052   27.8728  -213.28
 12 2014    0.1012   0.6065   0.0943   7.1205  10.0224   28.1607  -209.88
 12 2015    0.0535   0.6202   0.1001   7.0920   9.9658   28.4758  -211.14
 12 2016    0.0915   0.6714   0.1029   7.0610  10.0268   28.7708  -209.32
 12 2017    0.0606   0.6764   0.1058   7.0324   9.9751   29.0804  -210.46
 12 2018    0.1695   0.8077   0.1132   7.0100  10.2003   29.4310  -204.49
 12 2019    0.0477   0.7766   0.1199   6.9920  10.0362   29.8123  -208.47
 12 2020    0.0807   0.8468   0.1260   6.9738  10.1274   30.1903  -205.94
 12 2021    0.0459   0.8142   0.1237   6.9480  10.0318   30.5135  -208.18
 12 2022    0.1413   0.9180   0.1287   6.9298  10.2178   30.8879  -203.35
 12 2023    0.0302   0.8388   0.1274   6.9079  10.0044   31.2356  -208.52
 12 2024    0.1422   0.9958   0.1387   6.8993  10.2761   31.6749  -201.59
 12 2025    0.0388   0.9365   0.1396   6.8841  10.0990   32.0670  -205.78
 12 2026    0.1524   1.0484   0.1438   6.8714  10.3161   32.4763  -200.32
 12 2027    0.0530   0.9946   0.1451   6.8591  10.1519   32.8873  -204.14
 12 2028    0.1692   1.1013   0.1484   6.8476  10.3665   33.3025  -198.82
 12 2029    0.0576   1.0521   0.1517   6.8402  10.2016   33.7466  -202.62
 12 2030    0.1498   1.1245   0.1524   6.8283  10.3549   34.1575  -198.81
 12 2031    0.0521   1.0712   0.1540   6.8200  10.1974   34.5940  -202.42
 12 2032    0.1203   1.1159   0.1532   6.8074  10.2967   34.9982  -199.91
 12 2033    0.0892   1.1140   0.1558   6.8001  10.2591   35.4403  -200.66
 12 2034    0.1050   1.1349   0.1569   6.7916  10.2883   35.8724  -199.81
 12 2035    0.0482   1.0739   0.1534   6.7782  10.1536   36.2697  -202.89
 12 2036    0.1448   1.1358   0.1525   6.7654  10.2985   36.6705  -199.30
 12 2037    0.0655   1.1168   0.1577   6.7621  10.2021   37.1372  -201.43
 12 2038    0.1367   1.1698   0.1580   6.7532  10.3177   37.5636  -198.56
 12 2039    0.0428   1.1107   0.1586   6.7465  10.1585   38.0056  -202.19
 12 2040    0.0944   1.1267   0.1556   6.7338  10.2106   38.4049  -200.81
 12 2041    0.0402   1.0359   0.1477   6.7148  10.0385   38.7583  -204.82
 12 2042    0.1453   1.1379   0.1523   6.7076  10.2431   39.1935  -199.77
 12 2043    0.0648   1.1056   0.1557   6.7027  10.1288   39.6446  -202.34
 12 2044    0.0886   1.1323   0.1571   6.6951  10.1731   40.0766  -201.13
 12 2045    0.0798   1.1056   0.1540   6.6829  10.1223   40.4750  -202.22
 12 2046    0.0973   1.1770   0.1629   6.6848  10.2220   40.9725  -199.73
 12 2047    0.0478   1.1032   0.1566   6.6710  10.0786   41.3595  -203.00
 12 2048    0.1133   1.1292   0.1537   6.6586  10.1548   41.7546  -201.05
