MON   YR       DPM      RPM      BIO      HUM    TOTAL       CO2     D14C
 12 1940    0.0000   4.0892   0.4240  18.2737  24.8869    1.7301   -94.75
 12 1941    0.3066   3.6374   0.3924  18.1709  24.6073    3.3197   -96.68
 12 1942    0.0602   2.8888   0.3504  18.0500  23.4494    4.7727  -101.18
 12 1943    0.0617   2.3001   0.2941  17.8766  22.6324    5.8367  -104.74
 12 1944    0.0532   1.8267   0.2476  17.6838  21.9113    6.7421  -108.06
 12 1945    0.0511   1.4639   0.2109  17.4777  21.3036    7.5287  -111.18
 12 1946    0.0632   1.2360   0.1885  17.2704  20.8582    8.2800  -113.71
 12 1947    0.0426   1.0082   0.1658  17.0531  20.3697    8.9351  -116.33
 12 1948    0.0470   0.8393   0.1471  16.8298  19.9633    9.5196  -118.66
 12 1949    0.0512   0.7253   0.1348  16.6072  19.6185   10.0807  -120.75
 12 1950    0.0467   0.6346   0.1254  16.3848  19.2914   10.6148  -122.65
 12 1951    0.0394   0.5581   0.1173  16.1619  18.9767   11.1177  -124.56
 12 1952    0.0723   0.5232   0.1105  15.9393  18.7453   11.5937  -126.10
 12 1953    0.1021   0.5435   0.1114  15.7274  18.5844   12.1176  -127.31
 12 1954    0.0483   0.4885   0.1090  15.5171  18.2629   12.6258  -129.30
 12 1955    0.0635   0.4702   0.1050  15.3046  18.0433   13.0917  -130.61
 12 1956    0.0637   0.4526   0.1023  15.0957  17.8144   13.5567  -131.84
 12 1957    0.0606   0.4580   0.1033  14.8936  17.6156   14.0424  -132.31
 12 1958    0.0501   0.4287   0.0996  14.6897  17.3681   14.4899  -133.09
 12 1959    0.0906   0.4450   0.0975  14.4885  17.2217   14.9313  -131.49
 12 1960    0.0690   0.4551   0.1008  14.2982  17.0230   15.4238  -132.04
 12 1961    0.0134   0.3692   0.0931  14.0989  16.6746   15.8288  -135.52
 12 1962    0.0164   0.3093   0.0839  13.8942  16.4038   16.1700  -137.43
 12 1963    0.0228   0.2793   0.0790  13.6930  16.1741   16.5097  -135.84
 12 1964    0.0167   0.2402   0.0739  13.4925  15.9233   16.8293  -137.12
 12 1965    0.0144   0.2099   0.0698  13.2934  15.6875   17.1331  -138.76
 12 1966    0.0220   0.1975   0.0671  13.0971  15.4838   17.4314  -139.23
 12 1967    0.0209   0.1894   0.0659  12.9048  15.2809   17.7327  -140.32
 12 1968    0.0163   0.1741   0.0638  12.7140  15.0682   18.0206  -142.39
 12 1969    0.0131   0.1581   0.0615  12.5248  14.8574   18.2958  -144.70
 12 1970    0.0130   0.1498   0.0600  12.3384  14.6612   18.5669  -146.63
 12 1971    0.0152   0.1426   0.0583  12.1542  14.4703   18.8298  -148.50
 12 1972    0.0098   0.1243   0.0557  11.9713  14.2611   19.0783  -151.36
 12 1973    0.0104   0.1115   0.0534  11.7902  14.0655   19.3162  -153.80
 12 1974    0.0111   0.1141   0.0534  11.6138  13.8924   19.5644  -155.47
 12 1975    0.0097   0.1080   0.0522  11.4390  13.7089   19.8018  -157.66
 12 1976    0.0144   0.1064   0.0510  11.2665  13.5382   20.0331  -159.51
 12 1977    0.0106   0.1031   0.0504  11.0973  13.3614   20.2662  -161.77
 12 1978    0.0105   0.1049   0.0502  10.9311  13.1966   20.4986  -163.70
 12 1979    0.0114   0.1055   0.0496  10.7672  13.0338   20.7266  -165.68
 12 1980    0.0188   0.1106   0.0491  10.6060  12.8844   20.9522  -167.31
 12 1981    0.0191   0.1185   0.0496  10.4490  12.7362   21.1875  -169.03
 12 1982    0.0137   0.1153   0.0491  10.2937  12.5719   21.4154  -171.40
 12 1983    0.0140   0.1136   0.0483  10.1403  12.4162   21.6365  -173.58
 12 1984    0.0149   0.1112   0.0473   9.9889  12.2623   21.8524  -175.80
 12 1985    0.0110   0.1098   0.0470   9.8406  12.1084   22.0706  -178.11
 12 1986    0.0162   0.1139   0.0466   9.6943  11.9710   22.2845  -180.00
 12 1987    0.0215   0.1194   0.0463   9.5508  11.8379   22.4993  -181.85
 12 1988    0.0162   0.1181   0.0461   9.4100  11.6905   22.7156  -184.22
 12 1989    0.0120   0.1101   0.0449   9.2700  11.5370   22.9197  -186.86
 12 1990    0.0151   0.1116   0.0443   9.1325  11.4036   23.1234  -188.98
 12 1991    0.0200   0.1231   0.0451   8.9988  11.2869   23.3361  -190.69
 12 1992    0.0158   0.1200   0.0445   8.8665  11.1468   23.5422  -193.16
 12 1993    0.0146   0.1184   0.0439   8.7360  11.0129   23.7443  -195.53
 12 1994    0.0209   0.1269   0.0441   8.6083  10.9001   23.9496  -197.36
 12 1995    0.0198   0.1326   0.0445   8.4836  10.7806   24.1600  -199.46
 12 1996    0.0155   0.1293   0.0440   8.3601  10.6490   24.3631  -201.98
 12 1997    0.0132   0.1239   0.0430   8.2378  10.5179   24.5584  -204.56
 12 1998    0.0129   0.1234   0.0425   8.1176  10.3965   24.7538  -206.94
 12 1999    0.0150   0.1221   0.0417   7.9988  10.2777   24.9436  -209.30
 12 2000    0.0098   0.1086   0.0399   7.8805  10.1388   25.1218  -212.34
 12 2001    0.0105   0.0996   0.0382   7.7631  10.0114   25.2914  -215.12
 12 2002    0.0126   0.1047   0.0385   7.6493   9.9051   25.4715  -217.33
 12 2003    0.0356   0.1497   0.0424   7.5458   9.8736   25.6782  -217.39
 12 2004    0.1490   0.3843   0.0649   7.4701  10.1683   26.0679  -208.07
 12 2005    0.1194   0.4818   0.0801   7.4042  10.1854   26.5191  -206.87
 12 2006    0.1403   0.5489   0.0856   7.3352  10.2101   26.9408  -205.50
 12 2007    0.0182   0.4532   0.0821   7.2607   9.9142   27.3149  -213.03
 12 2008    0.0292   0.3981   0.0722   7.1726   9.7721   27.5828  -216.44
 12 2009    0.0298   0.3689   0.0678   7.0875   9.6541   27.8618  -219.25
 12 2010    0.0646   0.3921   0.0677   7.0065   9.6310   28.1590  -219.33
 12 2011    0.0799   0.4010   0.0673   6.9279   9.5761   28.4633  -220.37
 12 2012    0.0693   0.4025   0.0683   6.8527   9.4928   28.7820  -222.25
 12 2013    0.1071   0.5174   0.0811   6.7936   9.5992   29.2046  -218.64
 12 2014    0.1202   0.5679   0.0861   6.7346   9.6089   29.6217  -217.86
 12 2015    0.0823   0.5969   0.0933   6.6833   9.5557   30.0852  -218.89
 12 2016    0.1021   0.5934   0.0896   6.6217   9.5068   30.4701  -219.84
 12 2017    0.1140   0.6430   0.0951   6.5711   9.5232   30.9254  -218.94
 12 2018    0.1482   0.6863   0.0971   6.5207   9.5523   31.3757  -217.69
 12 2019    0.1029   0.6943   0.1021   6.4777   9.4770   31.8725  -219.42
 12 2020    0.1148   0.7091   0.1023   6.4305   9.4567   32.3334  -219.57
 12 2021    0.0975   0.7401   0.1082   6.3920   9.4378   32.8505  -219.71
 12 2022    0.1026   0.7339   0.1062   6.3470   9.3897   33.3172  -220.70
 12 2023    0.0579   0.6889   0.1038   6.3014   9.2520   33.7739  -224.32
 12 2024    0.1809   0.7965   0.1070   6.2600   9.4444   34.2539  -218.42
 12 2025    0.0539   0.7235   0.1085   6.2244   9.2103   34.7714  -224.79
 12 2026    0.1977   0.8081   0.1060   6.1797   9.3916   35.2191  -219.20
 12 2027    0.0572   0.7528   0.1119   6.1511   9.1730   35.7758  -225.17
 12 2028    0.2298   0.8726   0.1117   6.1130   9.4271   36.2609  -217.55
 12 2029    0.0415   0.7438   0.1111   6.0821   9.0785   36.7945  -227.28
 12 2030    0.2232   0.8457   0.1077   6.0398   9.3164   37.2414  -220.03
 12 2031    0.0880   0.7879   0.1125   6.0142   9.1026   37.8022  -225.92
 12 2032    0.1967   0.8665   0.1128   5.9803   9.2563   38.3007  -221.14
 12 2033    0.0867   0.8266   0.1177   5.9577   9.0887   38.8759  -225.69
 12 2034    0.1555   0.8700   0.1169   5.9267   9.1691   39.3875  -223.02
 12 2035    0.0513   0.7624   0.1113   5.8928   8.9179   39.8763  -230.20
 12 2036    0.1752   0.8231   0.1080   5.8548   9.0612   40.3302  -225.60
 12 2037    0.0296   0.6977   0.1044   5.8203   8.7520   40.8058  -234.74
 12 2038    0.2274   0.8753   0.1108   5.7901   9.1036   41.3058  -223.75
 12 2039    0.1028   0.8610   0.1208   5.7773   8.9619   41.9266  -227.69
 12 2040    0.1365   0.9304   0.1273   5.7613   9.0555   42.5221  -224.64
 12 2041    0.0489   0.7947   0.1153   5.7275   8.7864   42.9908  -232.49
 12 2042    0.1659   0.8599   0.1132   5.6959   8.9350   43.4701  -227.66
 12 2043    0.0597   0.7579   0.1089   5.6658   8.6923   43.9568  -234.88
 12 2044    0.2176   0.8800   0.1113   5.6375   8.9465   44.4520  -226.76
 12 2045    0.0669   0.8195   0.1174   5.6223   8.7262   45.0375  -233.27
 12 2046    0.1650   0.8758   0.1157   5.5951   8.8515   45.5342  -229.15
 12 2047    0.0764   0.8139   0.1153   5.5730   8.6786   46.0656  -234.26
 12 2048    0.2524   0.9730   0.1207   5.5541   9.0003   46.6154  -224.21
