MON   YR       DPM      RPM      BIO      HUM    TOTAL       CO2     D14C
 12 1940    0.0000   4.0892   0.4240  18.2737  24.8869    1.7301   -94.75
 12 1941    0.3066   3.6374   0.3924  18.1709  24.6073    3.3197   -96.68
 12 1942    0.0602   2.8888   0.3504  18.0500  23.4494    4.7727  -101.18
 12 1943    0.0617   2.3001   0.2941  17.8766  22.6324    5.8367  -104.74
 12 1944    0.0532   1.8267   0.2476  17.6838  21.9113    6.7421  -108.06
 12 1945    0.0511   1.4639   0.2109  17.4777  21.3036    7.5287  -111.18
 12 1946    0.0632   1.2360   0.1885  17.2704  20.8582    8.2800  -113.71
 12 1947    0.0426   1.0082   0.1658  17.0531  20.3697    8.9351  -116.33
 12 1948    0.0470   0.8393   0.1471  16.8298  19.9633    9.5196  -118.66
 12 1949    0.0512   0.7253   0.1348  16.6072  19.6185   10.0807  -120.75
 12 1950    0.0467   0.6346   0.1254  16.3848  19.2914   10.6148  -122.65
 12 1951    0.0394   0.5581   0.1173  16.1619  18.9767   11.1177  -124.56
 12 1952    0.0723   0.5232   0.1105  15.9393  18.7453   11.5937  -126.10
 12 1953    0.1021   0.5435   0.1114  15.7274  18.5844   12.1176  -127.31
 12 1954    0.0483   0.4885   0.1090  15.5171  18.2629   12.6258  -129.30
 12 1955    0.0635   0.4702   0.1050  15.3046  18.0433   13.0917  -130.61
 12 1956    0.0637   0.4526   0.1023  15.0957  17.8144   13.5567  -131.84
 12 1957    0.0606   0.4580   0.1033  14.8936  17.6156   14.0424  -132.31
 12 1958    0.0501   0.4287   0.0996  14.6897  17.3681   14.4899  -133.09
 12 1959    0.0906   0.4450   0.0975  14.4885  17.2217   14.9313  -131.49
 12 1960    0.0690   0.4551   0.1008  14.2982  17.0230   15.4238  -132.04
 12 1961    0.0134   0.3692   0.0931  14.0989  16.6746   15.8288  -135.52
 12 1962    0.0164   0.3093   0.0839  13.8942  16.4038   16.1700  -137.43
 12 1963    0.0228   0.2793   0.0790  13.6930  16.1741   16.5097  -135.84
 12 1964    0.0167   0.2402   0.0739  13.4925  15.9233   16.8293  -137.12
 12 1965    0.0144   0.2099   0.0698  13.2934  15.6875   17.1331  -138.76
 12 1966    0.0220   0.1975   0.0671  13.0971  15.4838   17.4314  -139.23
 12 1967    0.0209   0.1894   0.0659  12.9048  15.2809   17.7327  -140.32
 12 1968    0.0163   0.1741   0.0638  12.7140  15.0682   18.0206  -142.39
 12 1969    0.0131   0.1581   0.0615  12.5248  14.8574   18.2958  -144.70
 12 1970    0.0130   0.1498   0.0600  12.3384  14.6612   18.5669  -146.63
 12 1971    0.0152   0.1426   0.0583  12.1542  14.4703   18.8298  -148.50
 12 1972    0.0098   0.1243   0.0557  11.9713  14.2611   19.0783  -151.36
 12 1973    0.0104   0.1115   0.0534  11.7902  14.0655   19.3162  -153.80
 12 1974    0.0111   0.1141   0.0534  11.6138  13.8924   19.5644  -155.47
 12 1975    0.0097   0.1080   0.0522  11.4390  13.7089   19.8018  -157.66
 12 1976    0.0144   0.1064   0.0510  11.2665  13.5382   20.0331  -159.51
 12 1977    0.0106   0.1031   0.0504  11.0973  13.3614   20.2662  -161.77
 12 1978    0.0105   0.1049   0.0502  10.9311  13.1966   20.4986  -163.70
 12 1979    0.0114   0.1055   0.0496  10.7672  13.0338   20.7266  -165.68
 12 1980    0.0188   0.1106   0.0491  10.6060  12.8844   20.9522  -167.31
 12 1981    0.0191   0.1185   0.0496  10.4490  12.7362   21.1875  -169.03
 12 1982    0.0137   0.1153   0.0491  10.2937  12.5719   21.4154  -171.40
 12 1983    0.0140   0.1136   0.0483  10.1403  12.4162   21.6365  -173.58
 12 1984    0.0149   0.1112   0.0473   9.9889  12.2623   21.8524  -175.80
 12 1985    0.0110   0.1098   0.0470   9.8406  12.1084   22.0706  -178.11
 12 1986    0.0162   0.1139   0.0466   9.6943  11.9710   22.2845  -180.00
 12 1987    0.0215   0.1194   0.0463   9.5508  11.8379   22.4993  -181.85
 12 1988    0.0162   0.1181   0.0461   9.4100  11.6905   22.7156  -184.22
 12 1989    0.0120   0.1101   0.0449   9.2700  11.5370   22.9197  -186.86
 12 1990    0.0151   0.1116   0.0443   9.1325  11.4036   23.1234  -188.98
 12 1991    0.0200   0.1231   0.0451   8.9988  11.2869   23.3361  -190.69
 12 1992    0.0158   0.1200   0.0445   8.8665  11.1468   23.5422  -193.16
 12 1993    0.0146   0.1184   0.0439   8.7360  11.0129   23.7443  -195.53
 12 1994    0.0209   0.1269   0.0441   8.6083  10.9001   23.9496  -197.36
 12 1995    0.0198   0.1326   0.0445   8.4836  10.7806   24.1600  -199.46
 12 1996    0.0155   0.1293   0.0440   8.3601  10.6490   24.3631  -201.98
 12 1997    0.0132   0.1239   0.0430   8.2378  10.5179   24.5584  -204.56
 12 1998    0.0129   0.1234   0.0425   8.1176  10.3965   24.7538  -206.94
 12 1999    0.0150   0.1221   0.0417   7.9988  10.2777   24.9436  -209.30
 12 2000    0.0098   0.1086   0.0399   7.8805  10.1388   25.1218  -212.34
 12 2001    0.0105   0.0996   0.0382   7.7631  10.0114   25.2914  -215.12
 12 2002    0.0126   0.1047   0.0385   7.6493   9.9051   25.4715  -217.33
 12 2003    0.0369   0.1590   0.0437   7.5919   9.9314   25.6203  -216.06
 12 2004    0.0390   0.2056   0.0498   7.5388   9.9332   25.7954  -215.56
 12 2005    0.0606   0.2690   0.0562   7.4886   9.9745   25.9878  -213.95
 12 2006    0.1181   0.3783   0.0655   7.4453  10.1073   26.2246  -209.81
 12 2007    0.0183   0.3551   0.0711   7.4027   9.9472   26.4630  -213.94
 12 2008    0.0182   0.3313   0.0667   7.3481   9.8643   26.6143  -215.94
 12 2009    0.0273   0.3332   0.0654   7.2965   9.8224   26.7822  -216.79
 12 2010    0.0343   0.3413   0.0654   7.2465   9.7875   26.9584  -217.47
 12 2011    0.0584   0.3674   0.0663   7.1984   9.7906   27.1438  -217.08
 12 2012    0.0278   0.3521   0.0667   7.1509   9.6975   27.3305  -219.43
 12 2013    0.0877   0.4734   0.0782   7.1172   9.8565   27.6098  -214.70
 12 2014    0.0630   0.4856   0.0816   7.0792   9.8094   27.8573  -215.73
 12 2015    0.0796   0.5543   0.0893   7.0478   9.8711   28.1487  -213.79
 12 2016    0.0547   0.5451   0.0895   7.0104   9.7998   28.3956  -215.50
 12 2017    0.1186   0.6358   0.0956   6.9802   9.9301   28.6900  -211.76
 12 2018    0.0811   0.6485   0.1003   6.9522   9.8821   28.9981  -212.83
 12 2019    0.0919   0.6924   0.1048   6.9253   9.9145   29.3120  -211.77
 12 2020    0.0570   0.6827   0.1060   6.8965   9.8423   29.6101  -213.47
 12 2021    0.0851   0.7281   0.1092   6.8702   9.8925   29.9239  -211.93
 12 2022    0.0755   0.7222   0.1086   6.8412   9.8475   30.2169  -212.93
 12 2023    0.0504   0.7213   0.1105   6.8153   9.7975   30.5300  -214.07
 12 2024    0.1143   0.7852   0.1129   6.7903   9.9027   30.8469  -211.10
 12 2025    0.0341   0.7452   0.1146   6.7670   9.7610   31.1747  -214.66
 12 2026    0.1351   0.8057   0.1128   6.7383   9.8918   31.4619  -211.02
 12 2027    0.0437   0.7865   0.1189   6.7215   9.7706   31.8313  -214.03
 12 2028    0.1517   0.8663   0.1192   6.6978   9.9351   32.1513  -209.57
 12 2029    0.0266   0.7864   0.1196   6.6770   9.7097   32.4899  -215.29
 12 2030    0.1711   0.8802   0.1184   6.6517   9.9213   32.7945  -209.59
 12 2031    0.0586   0.8450   0.1242   6.6380   9.7659   33.1801  -213.46
 12 2032    0.1374   0.8998   0.1238   6.6165   9.8774   33.5085  -210.40
 12 2033    0.0635   0.8858   0.1289   6.6036   9.7817   33.8971  -212.71
 12 2034    0.0964   0.9014   0.1274   6.5831   9.8084   34.2308  -211.84
 12 2035    0.0351   0.8357   0.1237   6.5603   9.6547   34.5464  -215.73
 12 2036    0.1270   0.8873   0.1220   6.5374   9.7737   34.8600  -212.43
 12 2037    0.0178   0.7961   0.1196   6.5153   9.5488   35.1777  -218.26
 12 2038    0.1888   0.9520   0.1252   6.4997   9.8657   35.5392  -209.73
 12 2039    0.0681   0.9389   0.1352   6.4958   9.7380   35.9824  -212.88
 12 2040    0.0831   0.9556   0.1357   6.4814   9.7559   36.3516  -212.26
 12 2041    0.0289   0.8652   0.1275   6.4567   9.5784   36.6470  -216.80
 12 2042    0.1377   0.9460   0.1283   6.4393   9.7513   36.9911  -212.06
 12 2043    0.0296   0.8572   0.1260   6.4208   9.5337   37.3274  -217.67
 12 2044    0.1818   0.9823   0.1291   6.4060   9.7992   37.6874  -210.50
 12 2045    0.0348   0.9179   0.1343   6.3983   9.5853   38.0977  -215.96
 12 2046    0.1158   0.9539   0.1312   6.3793   9.6802   38.4267  -213.31
 12 2047    0.0532   0.9080   0.1306   6.3642   9.5560   38.7825  -216.45
 12 2048    0.1838   1.0235   0.1342   6.3526   9.7941   39.1611  -210.06
