MON   YR       DPM      RPM      BIO      HUM    TOTAL       CO2     D14C
 12 1940    0.0000   4.0892   0.4240  18.2737  24.8869    1.7301   -94.75
 12 1941    0.3066   3.6374   0.3924  18.1709  24.6073    3.3197   -96.68
 12 1942    0.0602   2.8888   0.3504  18.0500  23.4494    4.7727  -101.18
 12 1943    0.0617   2.3001   0.2941  17.8766  22.6324    5.8367  -104.74
 12 1944    0.0532   1.8267   0.2476  17.6838  21.9113    6.7421  -108.06
 12 1945    0.0511   1.4639   0.2109  17.4777  21.3036    7.5287  -111.18
 12 1946    0.0632   1.2360   0.1885  17.2704  20.8582    8.2800  -113.71
 12 1947    0.0426   1.0082   0.1658  17.0531  20.3697    8.9351  -116.33
 12 1948    0.0470   0.8393   0.1471  16.8298  19.9633    9.5196  -118.66
 12 1949    0.0512   0.7253   0.1348  16.6072  19.6185   10.0807  -120.75
 12 1950    0.0467   0.6346   0.1254  16.3848  19.2914   10.6148  -122.65
 12 1951    0.0394   0.5581   0.1173  16.1619  18.9767   11.1177  -124.56
 12 1952    0.0723   0.5232   0.1105  15.9393  18.7453   11.5937  -126.10
 12 1953    0.1021   0.5435   0.1114  15.7274  18.5844   12.1176  -127.31
 12 1954    0.0483   0.4885   0.1090  15.5171  18.2629   12.6258  -129.30
 12 1955    0.0635   0.4702   0.1050  15.3046  18.0433   13.0917  -130.61
 12 1956    0.0637   0.4526   0.1023  15.0957  17.8144   13.5567  -131.84
 12 1957    0.0606   0.4580   0.1033  14.8936  17.6156   14.0424  -132.31
 12 1958    0.0501   0.4287   0.0996  14.6897  17.3681   14.4899  -133.09
 12 1959    0.0906   0.4450   0.0975  14.4885  17.2217   14.9313  -131.49
 12 1960    0.0690   0.4551   0.1008  14.2982  17.0230   15.4238  -132.04
 12 1961    0.0134   0.3692   0.0931  14.0989  16.6746   15.8288  -135.52
 12 1962    0.0164   0.3093   0.0839  13.8942  16.4038   16.1700  -137.43
 12 1963    0.0228   0.2793   0.0790  13.6930  16.1741   16.5097  -135.84
 12 1964    0.0167   0.2402   0.0739  13.4925  15.9233   16.8293  -137.12
 12 1965    0.0144   0.2099   0.0698  13.2934  15.6875   17.1331  -138.76
 12 1966    0.0220   0.1975   0.0671  13.0971  15.4838   17.4314  -139.23
 12 1967    0.0209   0.1894   0.0659  12.9048  15.2809   17.7327  -140.32
 12 1968    0.0163   0.1741   0.0638  12.7140  15.0682   18.0206  -142.39
 12 1969    0.0131   0.1581   0.0615  12.5248  14.8574   18.2958  -144.70
 12 1970    0.0130   0.1498   0.0600  12.3384  14.6612   18.5669  -146.63
 12 1971    0.0152   0.1426   0.0583  12.1542  14.4703   18.8298  -148.50
 12 1972    0.0098   0.1243   0.0557  11.9713  14.2611   19.0783  -151.36
 12 1973    0.0104   0.1115   0.0534  11.7902  14.0655   19.3162  -153.80
 12 1974    0.0111   0.1141   0.0534  11.6138  13.8924   19.5644  -155.47
 12 1975    0.0097   0.1080   0.0522  11.4390  13.7089   19.8018  -157.66
 12 1976    0.0144   0.1064   0.0510  11.2665  13.5382   20.0331  -159.51
 12 1977    0.0106   0.1031   0.0504  11.0973  13.3614   20.2662  -161.77
 12 1978    0.0105   0.1049   0.0502  10.9311  13.1966   20.4986  -163.70
 12 1979    0.0114   0.1055   0.0496  10.7672  13.0338   20.7266  -165.68
 12 1980    0.0188   0.1106   0.0491  10.6060  12.8844   20.9522  -167.31
 12 1981    0.0191   0.1185   0.0496  10.4490  12.7362   21.1875  -169.03
 12 1982    0.0137   0.1153   0.0491  10.2937  12.5719   21.4154  -171.40
 12 1983    0.0140   0.1136   0.0483  10.1403  12.4162   21.6365  -173.58
 12 1984    0.0149   0.1112   0.0473   9.9889  12.2623   21.8524  -175.80
 12 1985    0.0110   0.1098   0.0470   9.8406  12.1084   22.0706  -178.11
 12 1986    0.0162   0.1139   0.0466   9.6943  11.9710   22.2845  -180.00
 12 1987    0.0215   0.1194   0.0463   9.5508  11.8379   22.4993  -181.85
 12 1988    0.0162   0.1181   0.0461   9.4100  11.6905   22.7156  -184.22
 12 1989    0.0120   0.1101   0.0449   9.2700  11.5370   22.9197  -186.86
 12 1990    0.0151   0.1116   0.0443   9.1325  11.4036   23.1234  -188.98
 12 1991    0.0200   0.1231   0.0451   8.9988  11.2869   23.3361  -190.69
 12 1992    0.0158   0.1200   0.0445   8.8665  11.1468   23.5422  -193.16
 12 1993    0.0146   0.1184   0.0439   8.7360  11.0129   23.7443  -195.53
 12 1994    0.0209   0.1269   0.0441   8.6083  10.9001   23.9496  -197.36
 12 1995    0.0198   0.1326   0.0445   8.4836  10.7806   24.1600  -199.46
 12 1996    0.0155   0.1293   0.0440   8.3601  10.6490   24.3631  -201.98
 12 1997    0.0132   0.1239   0.0430   8.2378  10.5179   24.5584  -204.56
 12 1998    0.0129   0.1234   0.0425   8.1176  10.3965   24.7538  -206.94
 12 1999    0.0150   0.1221   0.0417   7.9988  10.2777   24.9436  -209.30
 12 2000    0.0098   0.1086   0.0399   7.8805  10.1388   25.1218  -212.34
 12 2001    0.0105   0.0996   0.0382   7.7631  10.0114   25.2914  -215.12
 12 2002    0.0126   0.1047   0.0385   7.6493   9.9051   25.4715  -217.33
 12 2003    0.0305   0.1583   0.0443   7.5927   9.9257   25.6260  -216.23
 12 2004    0.0083   0.1539   0.0454   7.5335   9.8411   25.7583  -218.29
 12 2005    0.0824   0.2811   0.0560   7.4867  10.0062   25.9734  -213.06
 12 2006    0.0624   0.3398   0.0657   7.4448  10.0127   26.2202  -212.48
 12 2007    0.0175   0.3150   0.0655   7.3940   9.8920   26.4014  -215.54
 12 2008    0.0530   0.3472   0.0658   7.3433   9.9093   26.5791  -214.69
 12 2009    0.0240   0.3369   0.0665   7.2945   9.8220   26.7667  -216.83
 12 2010    0.0152   0.3199   0.0643   7.2424   9.7418   26.9278  -218.80
 12 2011    0.0785   0.3850   0.0671   7.1960   9.8266   27.1249  -216.09
 12 2012    0.0373   0.3882   0.0711   7.1539   9.7505   27.3494  -217.94
 12 2013    0.0595   0.4563   0.0784   7.1170   9.8112   27.6073  -215.97
 12 2014    0.0644   0.4941   0.0827   7.0798   9.8210   27.8603  -215.43
 12 2015    0.0592   0.5275   0.0873   7.0453   9.8193   28.1298  -215.22
 12 2016    0.0604   0.5447   0.0889   7.0088   9.8028   28.3822  -215.44
 12 2017    0.0630   0.5694   0.0915   6.9746   9.7985   28.6485  -215.32
 12 2018    0.1050   0.6293   0.0953   6.9431   9.8727   28.9314  -213.10
 12 2019    0.0532   0.6279   0.0996   6.9149   9.7956   29.2355  -214.97
 12 2020    0.0530   0.6582   0.1034   6.8871   9.8017   29.5405  -214.58
 12 2021    0.0455   0.6551   0.1030   6.8558   9.7594   29.8182  -215.51
 12 2022    0.0903   0.7023   0.1049   6.8269   9.8244   30.1110  -213.57
 12 2023    0.0656   0.7144   0.1086   6.8024   9.7910   30.4327  -214.27
 12 2024    0.0597   0.7308   0.1110   6.7777   9.7792   30.7506  -214.39
 12 2025    0.0495   0.7380   0.1126   6.7529   9.7529   31.0665  -214.91
 12 2026    0.0737   0.7380   0.1095   6.7227   9.7439   31.3429  -214.96
 12 2027    0.0694   0.7706   0.1145   6.7023   9.7568   31.6859  -214.44
 12 2028    0.0573   0.7896   0.1180   6.6827   9.7476   32.0332  -214.50
 12 2029    0.0460   0.7559   0.1137   6.6543   9.6698   32.3164  -216.41
 12 2030    0.1140   0.8100   0.1145   6.6304   9.7688   32.6299  -213.59
 12 2031    0.0930   0.8425   0.1210   6.6154   9.7719   33.0045  -213.35
 12 2032    0.0686   0.8221   0.1200   6.5931   9.7039   33.3266  -214.98
 12 2033    0.0835   0.8560   0.1231   6.5756   9.7383   33.6805  -213.89
 12 2034    0.0462   0.8254   0.1220   6.5546   9.6482   34.0088  -216.11
 12 2035    0.0699   0.8282   0.1198   6.5313   9.6492   34.3190  -215.92
 12 2036    0.0696   0.8263   0.1194   6.5103   9.6256   34.6437  -216.39
 12 2037    0.0296   0.7704   0.1152   6.4844   9.4996   34.9324  -219.64
 12 2038    0.1271   0.8696   0.1199   6.4672   9.6838   35.2804  -214.49
 12 2039    0.1031   0.9141   0.1287   6.4593   9.7052   35.6932  -213.78
 12 2040    0.0354   0.8727   0.1290   6.4439   9.5810   36.0527  -216.93
 12 2041    0.0627   0.8496   0.1225   6.4186   9.5534   36.3410  -217.51
 12 2042    0.0422   0.8465   0.1240   6.4024   9.5152   36.6919  -218.38
 12 2043    0.0666   0.8410   0.1206   6.3797   9.5079   36.9953  -218.41
 12 2044    0.0817   0.8638   0.1225   6.3630   9.5310   37.3395  -217.61
 12 2045    0.0363   0.8374   0.1232   6.3464   9.4433   37.6833  -219.86
 12 2046    0.0594   0.8319   0.1200   6.3244   9.4356   37.9875  -219.92
 12 2047    0.0928   0.8639   0.1214   6.3071   9.4851   38.3237  -218.40
 12 2048    0.0870   0.8793   0.1241   6.2929   9.4833   38.6803  -218.30
