MON   YR       DPM      RPM      BIO      HUM    TOTAL       CO2     D14C
 12 1940    0.0000   4.0892   0.4240  18.2737  24.8869    1.7301   -94.75
 12 1941    0.3066   3.6374   0.3924  18.1709  24.6073    3.3197   -96.68
 12 1942    0.0602   2.8888   0.3504  18.0500  23.4494    4.7727  -101.18
 12 1943    0.0617   2.3001   0.2941  17.8766  22.6324    5.8367  -104.74
 12 1944    0.0532   1.8267   0.2476  17.6838  21.9113    6.7421  -108.06
 12 1945    0.0511   1.4639   0.2109  17.4777  21.3036    7.5287  -111.18
 12 1946    0.0632   1.2360   0.1885  17.2704  20.8582    8.2800  -113.71
 12 1947    0.0426   1.0082   0.1658  17.0531  20.3697    8.9351  -116.33
 12 1948    0.0470   0.8393   0.1471  16.8298  19.9633    9.5196  -118.66
 12 1949    0.0512   0.7253   0.1348  16.6072  19.6185   10.0807  -120.75
 12 1950    0.0467   0.6346   0.1254  16.3848  19.2914   10.6148  -122.65
 12 1951    0.0394   0.5581   0.1173  16.1619  18.9767   11.1177  -124.56
 12 1952    0.0723   0.5232   0.1105  15.9393  18.7453   11.5937  -126.10
 12 1953    0.1021   0.5435   0.1114  15.7274  18.5844   12.1176  -127.31
 12 1954    0.0483   0.4885   0.1090  15.5171  18.2629   12.6258  -129.30
 12 1955    0.0635   0.4702   0.1050  15.3046  18.0433   13.0917  -130.61
 12 1956    0.0637   0.4526   0.1023  15.0957  17.8144   13.5567  -131.84
 12 1957    0.0606   0.4580   0.1033  14.8936  17.6156   14.0424  -132.31
 12 1958    0.0501   0.4287   0.0996  14.6897  17.3681   14.4899  -133.09
 12 1959    0.0906   0.4450   0.0975  14.4885  17.2217   14.9313  -131.49
 12 1960    0.0690   0.4551   0.1008  14.2982  17.0230   15.4238  -132.04
 12 1961    0.0134   0.3692   0.0931  14.0989  16.6746   15.8288  -135.52
 12 1962    0.0164   0.3093   0.0839  13.8942  16.4038   16.1700  -137.43
 12 1963    0.0228   0.2793   0.0790  13.6930  16.1741   16.5097  -135.84
 12 1964    0.0167   0.2402   0.0739  13.4925  15.9233   16.8293  -137.12
 12 1965    0.0144   0.2099   0.0698  13.2934  15.6875   17.1331  -138.76
 12 1966    0.0220   0.1975   0.0671  13.0971  15.4838   17.4314  -139.23
 12 1967    0.0209   0.1894   0.0659  12.9048  15.2809   17.7327  -140.32
 12 1968    0.0163   0.1741   0.0638  12.7140  15.0682   18.0206  -142.39
 12 1969    0.0131   0.1581   0.0615  12.5248  14.8574   18.2958  -144.70
 12 1970    0.0130   0.1498   0.0600  12.3384  14.6612   18.5669  -146.63
 12 1971    0.0152   0.1426   0.0583  12.1542  14.4703   18.8298  -148.50
 12 1972    0.0098   0.1243   0.0557  11.9713  14.2611   19.0783  -151.36
 12 1973    0.0104   0.1115   0.0534  11.7902  14.0655   19.3162  -153.80
 12 1974    0.0111   0.1141   0.0534  11.6138  13.8924   19.5644  -155.47
 12 1975    0.0097   0.1080   0.0522  11.4390  13.7089   19.8018  -157.66
 12 1976    0.0144   0.1064   0.0510  11.2665  13.5382   20.0331  -159.51
 12 1977    0.0106   0.1031   0.0504  11.0973  13.3614   20.2662  -161.77
 12 1978    0.0105   0.1049   0.0502  10.9311  13.1966   20.4986  -163.70
 12 1979    0.0114   0.1055   0.0496  10.7672  13.0338   20.7266  -165.68
 12 1980    0.0188   0.1106   0.0491  10.6060  12.8844   20.9522  -167.31
 12 1981    0.0191   0.1185   0.0496  10.4490  12.7362   21.1875  -169.03
 12 1982    0.0137   0.1153   0.0491  10.2937  12.5719   21.4154  -171.40
 12 1983    0.0140   0.1136   0.0483  10.1403  12.4162   21.6365  -173.58
 12 1984    0.0149   0.1112   0.0473   9.9889  12.2623   21.8524  -175.80
 12 1985    0.0110   0.1098   0.0470   9.8406  12.1084   22.0706  -178.11
 12 1986    0.0162   0.1139   0.0466   9.6943  11.9710   22.2845  -180.00
 12 1987    0.0215   0.1194   0.0463   9.5508  11.8379   22.4993  -181.85
 12 1988    0.0162   0.1181   0.0461   9.4100  11.6905   22.7156  -184.22
 12 1989    0.0120   0.1101   0.0449   9.2700  11.5370   22.9197  -186.86
 12 1990    0.0151   0.1116   0.0443   9.1325  11.4036   23.1234  -188.98
 12 1991    0.0200   0.1231   0.0451   8.9988  11.2869   23.3361  -190.69
 12 1992    0.0158   0.1200   0.0445   8.8665  11.1468   23.5422  -193.16
 12 1993    0.0146   0.1184   0.0439   8.7360  11.0129   23.7443  -195.53
 12 1994    0.0209   0.1269   0.0441   8.6083  10.9001   23.9496  -197.36
 12 1995    0.0198   0.1326   0.0445   8.4836  10.7806   24.1600  -199.46
 12 1996    0.0155   0.1293   0.0440   8.3601  10.6490   24.3631  -201.98
 12 1997    0.0132   0.1239   0.0430   8.2378  10.5179   24.5584  -204.56
 12 1998    0.0129   0.1234   0.0425   8.1176  10.3965   24.7538  -206.94
 12 1999    0.0150   0.1221   0.0417   7.9988  10.2777   24.9436  -209.30
 12 2000    0.0098   0.1086   0.0399   7.8805  10.1388   25.1218  -212.34
 12 2001    0.0105   0.0996   0.0382   7.7631  10.0114   25.2914  -215.12
 12 2002    0.0126   0.1047   0.0385   7.6493   9.9051   25.4715  -217.33
 12 2003    0.0284   0.1581   0.0445   7.5930   9.9239   25.6278  -216.29
 12 2004    0.0346   0.2201   0.0525   7.5426   9.9498   25.8222  -215.08
 12 2005    0.1845   0.5349   0.0827   7.5233  10.4254   26.2323  -201.54
 12 2006    0.0904   0.5909   0.0983   7.5003  10.3800   26.6149  -202.38
 12 2007    0.0132   0.5281   0.0949   7.4576  10.1938   26.8576  -206.99
 12 2008    0.0848   0.5957   0.0963   7.4183  10.2952   27.1202  -203.98
 12 2009    0.0372   0.5770   0.0972   7.3808  10.1922   27.3931  -206.41
 12 2010    0.0374   0.5646   0.0944   7.3387  10.1350   27.6302  -207.64
 12 2011    0.0941   0.6306   0.0976   7.3032  10.2256   27.9116  -205.02
 12 2012    0.1118   0.7161   0.1076   7.2790  10.3145   28.2693  -202.50
 12 2013    0.0570   0.7408   0.1159   7.2569  10.2705   28.6405  -203.40
 12 2014    0.1177   0.8471   0.1244   7.2374  10.4266   29.0283  -199.30
 12 2015    0.0540   0.8443   0.1293   7.2179  10.3455   29.4155  -201.09
 12 2016    0.1117   0.8981   0.1302   7.1944  10.4344   29.7718  -198.75
 12 2017    0.0649   0.8955   0.1336   7.1754  10.3694   30.1592  -200.16
 12 2018    0.1942   1.0264   0.1388   7.1591  10.6184   30.5636  -194.10
 12 2019    0.0513   0.9847   0.1461   7.1503  10.4324   31.0202  -198.31
 12 2020    0.0846   1.0623   0.1533   7.1422  10.5425   31.4807  -195.55
 12 2021    0.0596   1.0439   0.1522   7.1264  10.4821   31.8864  -196.80
 12 2022    0.1491   1.1602   0.1595   7.1197  10.6886   32.3549  -191.93
 12 2023    0.0359   1.0766   0.1578   7.1069  10.4771   32.7801  -196.63
 12 2024    0.1213   1.2144   0.1689   7.1081  10.7126   33.3033  -191.13
 12 2025    0.0877   1.1986   0.1689   7.1003  10.6555   33.7628  -192.28
 12 2026    0.1331   1.2820   0.1758   7.1009  10.7919   34.2813  -189.13
 12 2027    0.0568   1.2107   0.1722   7.0917  10.6315   34.7303  -192.55
 12 2028    0.1357   1.3439   0.1833   7.0991  10.8620   35.2957  -187.37
 12 2029    0.0703   1.3179   0.1854   7.0997  10.7734   35.8145  -189.17
 12 2030    0.1566   1.3806   0.1850   7.0973  10.9196   36.3116  -185.92
 12 2031    0.0623   1.3197   0.1851   7.0965  10.7636   36.8203  -189.14
 12 2032    0.1266   1.4283   0.1941   7.1068  10.9558   37.4061  -184.96
 12 2033    0.0666   1.3827   0.1930   7.1072  10.8495   37.9237  -187.07
 12 2034    0.2293   1.5003   0.1933   7.1074  11.1304   38.4398  -181.13
 12 2035    0.0532   1.3892   0.1942   7.1121  10.8487   38.9876  -186.84
 12 2036    0.1030   1.4389   0.1965   7.1159  10.9543   39.5292  -184.52
 12 2037    0.0466   1.3433   0.1879   7.1076  10.7853   39.9862  -187.94
 12 2038    0.1507   1.4571   0.1941   7.1147  11.0166   40.5511  -182.99
 12 2039    0.0992   1.4543   0.1987   7.1228  10.9750   41.1232  -183.75
 12 2040    0.0907   1.4570   0.1996   7.1274  10.9747   41.6713  -183.64
 12 2041    0.0734   1.4393   0.1987   7.1293  10.9406   42.2006  -184.23
 12 2042    0.1980   1.5525   0.2026   7.1364  11.1895   42.7665  -179.11
 12 2043    0.0322   1.4042   0.1971   7.1357  10.8692   43.2789  -185.47
 12 2044    0.1765   1.5740   0.2076   7.1514  11.2094   43.9059  -178.48
 12 2045    0.0837   1.5348   0.2107   7.1625  11.0917   44.5022  -180.71
 12 2046    0.1421   1.5772   0.2105   7.1695  11.1994   45.0707  -178.49
 12 2047    0.0646   1.5228   0.2102   7.1768  11.0743   45.6409  -180.85
 12 2048    0.1062   1.5297   0.2067   7.1791  11.1217   46.1770  -179.80
