MON   YR       DPM      RPM      BIO      HUM    TOTAL       CO2     D14C
 12 1940    0.0000   4.0892   0.4240  18.2737  24.8869    1.7301   -94.75
 12 1941    0.3066   3.6374   0.3924  18.1709  24.6073    3.3197   -96.68
 12 1942    0.0602   2.8888   0.3504  18.0500  23.4494    4.7727  -101.18
 12 1943    0.0617   2.3001   0.2941  17.8766  22.6324    5.8367  -104.74
 12 1944    0.0532   1.8267   0.2476  17.6838  21.9113    6.7421  -108.06
 12 1945    0.0511   1.4639   0.2109  17.4777  21.3036    7.5287  -111.18
 12 1946    0.0632   1.2360   0.1885  17.2704  20.8582    8.2800  -113.71
 12 1947    0.0426   1.0082   0.1658  17.0531  20.3697    8.9351  -116.33
 12 1948    0.0470   0.8393   0.1471  16.8298  19.9633    9.5196  -118.66
 12 1949    0.0512   0.7253   0.1348  16.6072  19.6185   10.0807  -120.75
 12 1950    0.0467   0.6346   0.1254  16.3848  19.2914   10.6148  -122.65
 12 1951    0.0394   0.5581   0.1173  16.1619  18.9767   11.1177  -124.56
 12 1952    0.0723   0.5232   0.1105  15.9393  18.7453   11.5937  -126.10
 12 1953    0.1021   0.5435   0.1114  15.7274  18.5844   12.1176  -127.31
 12 1954    0.0483   0.4885   0.1090  15.5171  18.2629   12.6258  -129.30
 12 1955    0.0635   0.4702   0.1050  15.3046  18.0433   13.0917  -130.61
 12 1956    0.0637   0.4526   0.1023  15.0957  17.8144   13.5567  -131.84
 12 1957    0.0606   0.4580   0.1033  14.8936  17.6156   14.0424  -132.31
 12 1958    0.0501   0.4287   0.0996  14.6897  17.3681   14.4899  -133.09
 12 1959    0.0906   0.4450   0.0975  14.4885  17.2217   14.9313  -131.49
 12 1960    0.0690   0.4551   0.1008  14.2982  17.0230   15.4238  -132.04
 12 1961    0.0134   0.3692   0.0931  14.0989  16.6746   15.8288  -135.52
 12 1962    0.0164   0.3093   0.0839  13.8942  16.4038   16.1700  -137.43
 12 1963    0.0228   0.2793   0.0790  13.6930  16.1741   16.5097  -135.84
 12 1964    0.0167   0.2402   0.0739  13.4925  15.9233   16.8293  -137.12
 12 1965    0.0144   0.2099   0.0698  13.2934  15.6875   17.1331  -138.76
 12 1966    0.0220   0.1975   0.0671  13.0971  15.4838   17.4314  -139.23
 12 1967    0.0209   0.1894   0.0659  12.9048  15.2809   17.7327  -140.32
 12 1968    0.0163   0.1741   0.0638  12.7140  15.0682   18.0206  -142.39
 12 1969    0.0131   0.1581   0.0615  12.5248  14.8574   18.2958  -144.70
 12 1970    0.0130   0.1498   0.0600  12.3384  14.6612   18.5669  -146.63
 12 1971    0.0152   0.1426   0.0583  12.1542  14.4703   18.8298  -148.50
 12 1972    0.0098   0.1243   0.0557  11.9713  14.2611   19.0783  -151.36
 12 1973    0.0104   0.1115   0.0534  11.7902  14.0655   19.3162  -153.80
 12 1974    0.0111   0.1141   0.0534  11.6138  13.8924   19.5644  -155.47
 12 1975    0.0097   0.1080   0.0522  11.4390  13.7089   19.8018  -157.66
 12 1976    0.0144   0.1064   0.0510  11.2665  13.5382   20.0331  -159.51
 12 1977    0.0106   0.1031   0.0504  11.0973  13.3614   20.2662  -161.77
 12 1978    0.0105   0.1049   0.0502  10.9311  13.1966   20.4986  -163.70
 12 1979    0.0114   0.1055   0.0496  10.7672  13.0338   20.7266  -165.68
 12 1980    0.0188   0.1106   0.0491  10.6060  12.8844   20.9522  -167.31
 12 1981    0.0191   0.1185   0.0496  10.4490  12.7362   21.1875  -169.03
 12 1982    0.0137   0.1153   0.0491  10.2937  12.5719   21.4154  -171.40
 12 1983    0.0140   0.1136   0.0483  10.1403  12.4162   21.6365  -173.58
 12 1984    0.0149   0.1112   0.0473   9.9889  12.2623   21.8524  -175.80
 12 1985    0.0110   0.1098   0.0470   9.8406  12.1084   22.0706  -178.11
 12 1986    0.0162   0.1139   0.0466   9.6943  11.9710   22.2845  -180.00
 12 1987    0.0215   0.1194   0.0463   9.5508  11.8379   22.4993  -181.85
 12 1988    0.0162   0.1181   0.0461   9.4100  11.6905   22.7156  -184.22
 12 1989    0.0120   0.1101   0.0449   9.2700  11.5370   22.9197  -186.86
 12 1990    0.0151   0.1116   0.0443   9.1325  11.4036   23.1234  -188.98
 12 1991    0.0200   0.1231   0.0451   8.9988  11.2869   23.3361  -190.69
 12 1992    0.0158   0.1200   0.0445   8.8665  11.1468   23.5422  -193.16
 12 1993    0.0146   0.1184   0.0439   8.7360  11.0129   23.7443  -195.53
 12 1994    0.0209   0.1269   0.0441   8.6083  10.9001   23.9496  -197.36
 12 1995    0.0198   0.1326   0.0445   8.4836  10.7806   24.1600  -199.46
 12 1996    0.0155   0.1293   0.0440   8.3601  10.6490   24.3631  -201.98
 12 1997    0.0132   0.1239   0.0430   8.2378  10.5179   24.5584  -204.56
 12 1998    0.0129   0.1234   0.0425   8.1176  10.3965   24.7538  -206.94
 12 1999    0.0150   0.1221   0.0417   7.9988  10.2777   24.9436  -209.30
 12 2000    0.0098   0.1086   0.0399   7.8805  10.1388   25.1218  -212.34
 12 2001    0.0105   0.0996   0.0382   7.7631  10.0114   25.2914  -215.12
 12 2002    0.0126   0.1047   0.0385   7.6493   9.9051   25.4715  -217.33
 12 2003    0.0356   0.1497   0.0424   7.5458   9.8736   25.6782  -217.39
 12 2004    0.1490   0.3843   0.0649   7.4701  10.1683   26.0679  -208.07
 12 2005    0.1092   0.4651   0.0787   7.4025  10.1555   26.5071  -207.70
 12 2006    0.1525   0.5522   0.0850   7.3332  10.2229   26.9262  -205.16
 12 2007    0.0178   0.4552   0.0825   7.2601   9.9156   27.3103  -212.99
 12 2008    0.0270   0.3958   0.0721   7.1716   9.7664   27.5755  -216.61
 12 2009    0.0293   0.3653   0.0674   7.0860   9.6480   27.8502  -219.43
 12 2010    0.0618   0.3848   0.0670   7.0044   9.6180   28.1429  -219.71
 12 2011    0.0782   0.3933   0.0664   6.9251   9.5631   28.4421  -220.75
 12 2012    0.0596   0.3832   0.0665   6.8483   9.4576   28.7494  -223.31
 12 2013    0.1073   0.5037   0.0793   6.7877   9.5780   29.1609  -219.26
 12 2014    0.1074   0.5392   0.0834   6.7268   9.5568   29.5633  -219.36
 12 2015    0.0825   0.5763   0.0905   6.6734   9.5228   30.0116  -219.85
 12 2016    0.0909   0.5631   0.0866   6.6101   9.4507   30.3834  -221.48
 12 2017    0.1129   0.6187   0.0920   6.5575   9.4811   30.8225  -220.16
 12 2018    0.1312   0.6452   0.0932   6.5045   9.4741   31.2529  -219.93
 12 2019    0.1025   0.6635   0.0981   6.4587   9.4229   31.7279  -220.99
 12 2020    0.1017   0.6653   0.0978   6.4087   9.3735   32.1672  -221.98
 12 2021    0.0972   0.7068   0.1040   6.3678   9.3757   32.6643  -221.51
 12 2022    0.0819   0.6891   0.1022   6.3210   9.2942   33.1151  -223.49
 12 2023    0.0350   0.6110   0.0952   6.2670   9.1082   33.5096  -228.63
 12 2024    0.1495   0.7342   0.1019   6.2247   9.3103   33.9786  -222.27
 12 2025    0.0649   0.6769   0.1014   6.1828   9.1260   34.4472  -227.33
 12 2026    0.1670   0.7853   0.1067   6.1449   9.3039   34.9374  -221.73
 12 2027    0.0503   0.6933   0.1043   6.1057   9.0535   35.4151  -228.77
 12 2028    0.1866   0.8450   0.1127   6.0741   9.3183   35.9402  -220.64
 12 2029    0.0668   0.8056   0.1183   6.0503   9.1409   36.5180  -225.47
 12 2030    0.1858   0.8551   0.1127   6.0110   9.2646   36.9827  -221.54
 12 2031    0.0423   0.7414   0.1101   5.9782   8.9721   37.4894  -229.86
 12 2032    0.2516   0.8901   0.1108   5.9423   9.2948   37.9686  -220.08
 12 2033    0.0439   0.7819   0.1156   5.9214   8.9627   38.5514  -229.50
 12 2034    0.2610   0.9129   0.1126   5.8851   9.2716   39.0212  -220.11
 12 2035    0.0601   0.8101   0.1174   5.8666   8.9543   39.6139  -229.12
 12 2036    0.1122   0.8614   0.1199   5.8403   9.0337   40.1473  -226.44
 12 2037    0.0504   0.7597   0.1109   5.8036   8.8245   40.6056  -232.49
 12 2038    0.2262   0.8684   0.1092   5.7687   9.0726   41.0703  -224.69
 12 2039    0.0587   0.7777   0.1127   5.7472   8.7963   41.6277  -232.78
 12 2040    0.1392   0.8360   0.1132   5.7173   8.9057   42.1214  -229.14
 12 2041    0.0426   0.7466   0.1097   5.6869   8.6857   42.6084  -235.69
 12 2042    0.2130   0.8978   0.1150   5.6616   8.9874   43.1263  -226.12
 12 2043    0.0436   0.7748   0.1134   5.6383   8.6701   43.6582  -235.61
 12 2044    0.2520   0.9389   0.1166   5.6136   9.0210   44.1744  -224.57
 12 2045    0.0551   0.8388   0.1211   5.6013   8.7162   44.7775  -233.60
 12 2046    0.1880   0.9091   0.1176   5.5736   8.8883   45.2688  -228.06
 12 2047    0.0427   0.8057   0.1170   5.5537   8.6191   45.8131  -236.17
 12 2048    0.1658   0.8585   0.1123   5.5225   8.7591   46.2739  -231.50
