MON   YR       DPM      RPM      BIO      HUM    TOTAL       CO2     D14C
 12 1940    0.0000   4.0892   0.4240  18.2737  24.8869    1.7301   -94.75
 12 1941    0.3066   3.6374   0.3924  18.1709  24.6073    3.3197   -96.68
 12 1942    0.0602   2.8888   0.3504  18.0500  23.4494    4.7727  -101.18
 12 1943    0.0617   2.3001   0.2941  17.8766  22.6324    5.8367  -104.74
 12 1944    0.0532   1.8267   0.2476  17.6838  21.9113    6.7421  -108.06
 12 1945    0.0511   1.4639   0.2109  17.4777  21.3036    7.5287  -111.18
 12 1946    0.0632   1.2360   0.1885  17.2704  20.8582    8.2800  -113.71
 12 1947    0.0426   1.0082   0.1658  17.0531  20.3697    8.9351  -116.33
 12 1948    0.0470   0.8393   0.1471  16.8298  19.9633    9.5196  -118.66
 12 1949    0.0512   0.7253   0.1348  16.6072  19.6185   10.0807  -120.75
 12 1950    0.0467   0.6346   0.1254  16.3848  19.2914   10.6148  -122.65
 12 1951    0.0394   0.5581   0.1173  16.1619  18.9767   11.1177  -124.56
 12 1952    0.0723   0.5232   0.1105  15.9393  18.7453   11.5937  -126.10
 12 1953    0.1021   0.5435   0.1114  15.7274  18.5844   12.1176  -127.31
 12 1954    0.0483   0.4885   0.1090  15.5171  18.2629   12.6258  -129.30
 12 1955    0.0635   0.4702   0.1050  15.3046  18.0433   13.0917  -130.61
 12 1956    0.0637   0.4526   0.1023  15.0957  17.8144   13.5567  -131.84
 12 1957    0.0606   0.4580   0.1033  14.8936  17.6156   14.0424  -132.31
 12 1958    0.0501   0.4287   0.0996  14.6897  17.3681   14.4899  -133.09
 12 1959    0.0906   0.4450   0.0975  14.4885  17.2217   14.9313  -131.49
 12 1960    0.0690   0.4551   0.1008  14.2982  17.0230   15.4238  -132.04
 12 1961    0.0134   0.3692   0.0931  14.0989  16.6746   15.8288  -135.52
 12 1962    0.0164   0.3093   0.0839  13.8942  16.4038   16.1700  -137.43
 12 1963    0.0228   0.2793   0.0790  13.6930  16.1741   16.5097  -135.84
 12 1964    0.0167   0.2402   0.0739  13.4925  15.9233   16.8293  -137.12
 12 1965    0.0144   0.2099   0.0698  13.2934  15.6875   17.1331  -138.76
 12 1966    0.0220   0.1975   0.0671  13.0971  15.4838   17.4314  -139.23
 12 1967    0.0209   0.1894   0.0659  12.9048  15.2809   17.7327  -140.32
 12 1968    0.0163   0.1741   0.0638  12.7140  15.0682   18.0206  -142.39
 12 1969    0.0131   0.1581   0.0615  12.5248  14.8574   18.2958  -144.70
 12 1970    0.0130   0.1498   0.0600  12.3384  14.6612   18.5669  -146.63
 12 1971    0.0152   0.1426   0.0583  12.1542  14.4703   18.8298  -148.50
 12 1972    0.0098   0.1243   0.0557  11.9713  14.2611   19.0783  -151.36
 12 1973    0.0104   0.1115   0.0534  11.7902  14.0655   19.3162  -153.80
 12 1974    0.0111   0.1141   0.0534  11.6138  13.8924   19.5644  -155.47
 12 1975    0.0097   0.1080   0.0522  11.4390  13.7089   19.8018  -157.66
 12 1976    0.0144   0.1064   0.0510  11.2665  13.5382   20.0331  -159.51
 12 1977    0.0106   0.1031   0.0504  11.0973  13.3614   20.2662  -161.77
 12 1978    0.0105   0.1049   0.0502  10.9311  13.1966   20.4986  -163.70
 12 1979    0.0114   0.1055   0.0496  10.7672  13.0338   20.7266  -165.68
 12 1980    0.0188   0.1106   0.0491  10.6060  12.8844   20.9522  -167.31
 12 1981    0.0191   0.1185   0.0496  10.4490  12.7362   21.1875  -169.03
 12 1982    0.0137   0.1153   0.0491  10.2937  12.5719   21.4154  -171.40
 12 1983    0.0140   0.1136   0.0483  10.1403  12.4162   21.6365  -173.58
 12 1984    0.0149   0.1112   0.0473   9.9889  12.2623   21.8524  -175.80
 12 1985    0.0110   0.1098   0.0470   9.8406  12.1084   22.0706  -178.11
 12 1986    0.0162   0.1139   0.0466   9.6943  11.9710   22.2845  -180.00
 12 1987    0.0215   0.1194   0.0463   9.5508  11.8379   22.4993  -181.85
 12 1988    0.0162   0.1181   0.0461   9.4100  11.6905   22.7156  -184.22
 12 1989    0.0120   0.1101   0.0449   9.2700  11.5370   22.9197  -186.86
 12 1990    0.0151   0.1116   0.0443   9.1325  11.4036   23.1234  -188.98
 12 1991    0.0200   0.1231   0.0451   8.9988  11.2869   23.3361  -190.69
 12 1992    0.0158   0.1200   0.0445   8.8665  11.1468   23.5422  -193.16
 12 1993    0.0146   0.1184   0.0439   8.7360  11.0129   23.7443  -195.53
 12 1994    0.0209   0.1269   0.0441   8.6083  10.9001   23.9496  -197.36
 12 1995    0.0198   0.1326   0.0445   8.4836  10.7806   24.1600  -199.46
 12 1996    0.0155   0.1293   0.0440   8.3601  10.6490   24.3631  -201.98
 12 1997    0.0132   0.1239   0.0430   8.2378  10.5179   24.5584  -204.56
 12 1998    0.0129   0.1234   0.0425   8.1176  10.3965   24.7538  -206.94
 12 1999    0.0150   0.1221   0.0417   7.9988  10.2777   24.9436  -209.30
 12 2000    0.0098   0.1086   0.0399   7.8805  10.1388   25.1218  -212.34
 12 2001    0.0105   0.0996   0.0382   7.7631  10.0114   25.2914  -215.12
 12 2002    0.0126   0.1047   0.0385   7.6493   9.9051   25.4715  -217.33
 12 2003    0.0275   0.1488   0.0432   7.5468   9.8663   25.6854  -217.60
 12 2004    0.0462   0.1975   0.0479   7.4493   9.8409   25.9221  -217.52
 12 2005    0.1343   0.3333   0.0579   7.3633   9.9888   26.2279  -212.44
 12 2006    0.0708   0.3477   0.0650   7.2848   9.8682   26.5772  -215.16
 12 2007    0.0186   0.3008   0.0621   7.1970   9.6786   26.8511  -220.01
 12 2008    0.0200   0.2651   0.0561   7.1032   9.5445   27.0709  -223.34
 12 2009    0.0318   0.2638   0.0546   7.0130   9.4632   27.3051  -225.14
 12 2010    0.0461   0.2809   0.0554   6.9268   9.4092   27.5564  -226.15
 12 2011    0.0725   0.3142   0.0573   6.8445   9.3885   27.8245  -226.17
 12 2012    0.0564   0.3210   0.0594   6.7660   9.3028   28.1097  -228.20
 12 2013    0.0497   0.3422   0.0628   6.6910   9.2457   28.4100  -229.39
 12 2014    0.0698   0.3777   0.0654   6.6181   9.2310   28.7157  -229.29
 12 2015    0.0660   0.3928   0.0673   6.5480   9.1741   29.0323  -230.51
 12 2016    0.0632   0.3835   0.0656   6.4754   9.0876   29.3228  -232.71
 12 2017    0.0574   0.3901   0.0668   6.4066   9.0209   29.6315  -234.32
 12 2018    0.0969   0.4163   0.0661   6.3371   9.0165   29.9264  -233.97
 12 2019    0.0534   0.4115   0.0694   6.2751   8.9094   30.2659  -236.92
 12 2020    0.0616   0.4250   0.0702   6.2111   8.8678   30.5834  -237.78
 12 2021    0.0467   0.4103   0.0691   6.1467   8.7728   30.8910  -240.42
 12 2022    0.0700   0.4048   0.0657   6.0792   8.7198   31.1681  -241.72
 12 2023    0.0528   0.3972   0.0662   6.0168   8.6329   31.4731  -244.19
 12 2024    0.0508   0.3961   0.0660   5.9541   8.5670   31.7682  -245.99
 12 2025    0.0646   0.4220   0.0683   5.8954   8.5503   32.0838  -246.13
 12 2026    0.0738   0.4461   0.0705   5.8393   8.5297   32.4112  -246.40
 12 2027    0.0642   0.4397   0.0701   5.7828   8.4569   32.7286  -248.51
 12 2028    0.0878   0.4620   0.0706   5.7277   8.4482   33.0486  -248.39
 12 2029    0.0980   0.4978   0.0745   5.6790   8.4494   33.4075  -247.97
 12 2030    0.0756   0.5036   0.0771   5.6322   8.3885   33.7738  -249.69
 12 2031    0.0370   0.4441   0.0718   5.5771   8.2299   34.0759  -254.96
 12 2032    0.0796   0.4665   0.0707   5.5234   8.2402   34.3804  -254.20
 12 2033    0.0915   0.4832   0.0718   5.4745   8.2210   34.7123  -254.51
 12 2034    0.1156   0.5100   0.0730   5.4275   8.2261   35.0526  -253.95
 12 2035    0.0437   0.4741   0.0747   5.3840   8.0766   35.4114  -259.07
 12 2036    0.0632   0.4581   0.0702   5.3313   8.0228   35.7001  -260.72
 12 2037    0.0663   0.4515   0.0690   5.2820   7.9688   36.0054  -262.41
 12 2038    0.0879   0.4811   0.0712   5.2370   7.9772   36.3358  -261.72
 12 2039    0.0758   0.4852   0.0727   5.1942   7.9280   36.6764  -263.26
 12 2040    0.0621   0.4876   0.0743   5.1526   7.8765   37.0196  -264.90
 12 2041    0.0685   0.4695   0.0707   5.1056   7.8144   37.3201  -266.99
 12 2042    0.0554   0.4507   0.0692   5.0603   7.7355   37.6263  -269.78
 12 2043    0.0535   0.4236   0.0654   5.0114   7.6538   37.9020  -272.74
 12 2044    0.0779   0.4270   0.0635   4.9634   7.6318   38.1777  -273.30
 12 2045    0.0599   0.4177   0.0640   4.9192   7.5609   38.4746  -275.92
 12 2046    0.0678   0.4143   0.0627   4.8731   7.5179   38.7522  -277.40
 12 2047    0.0603   0.4092   0.0628   4.8289   7.4612   39.0383  -279.48
 12 2048    0.0953   0.4237   0.0612   4.7831   7.4633   39.3074  -279.06
