MON   YR       DPM      RPM      BIO      HUM    TOTAL       CO2     D14C
 12 1940    0.0000   4.0892   0.4240  18.2737  24.8869    1.7301   -94.75
 12 1941    0.3066   3.6374   0.3924  18.1709  24.6073    3.3197   -96.68
 12 1942    0.0602   2.8888   0.3504  18.0500  23.4494    4.7727  -101.18
 12 1943    0.0617   2.3001   0.2941  17.8766  22.6324    5.8367  -104.74
 12 1944    0.0532   1.8267   0.2476  17.6838  21.9113    6.7421  -108.06
 12 1945    0.0511   1.4639   0.2109  17.4777  21.3036    7.5287  -111.18
 12 1946    0.0632   1.2360   0.1885  17.2704  20.8582    8.2800  -113.71
 12 1947    0.0426   1.0082   0.1658  17.0531  20.3697    8.9351  -116.33
 12 1948    0.0470   0.8393   0.1471  16.8298  19.9633    9.5196  -118.66
 12 1949    0.0512   0.7253   0.1348  16.6072  19.6185   10.0807  -120.75
 12 1950    0.0467   0.6346   0.1254  16.3848  19.2914   10.6148  -122.65
 12 1951    0.0394   0.5581   0.1173  16.1619  18.9767   11.1177  -124.56
 12 1952    0.0723   0.5232   0.1105  15.9393  18.7453   11.5937  -126.10
 12 1953    0.1021   0.5435   0.1114  15.7274  18.5844   12.1176  -127.31
 12 1954    0.0483   0.4885   0.1090  15.5171  18.2629   12.6258  -129.30
 12 1955    0.0635   0.4702   0.1050  15.3046  18.0433   13.0917  -130.61
 12 1956    0.0637   0.4526   0.1023  15.0957  17.8144   13.5567  -131.84
 12 1957    0.0606   0.4580   0.1033  14.8936  17.6156   14.0424  -132.31
 12 1958    0.0501   0.4287   0.0996  14.6897  17.3681   14.4899  -133.09
 12 1959    0.0906   0.4450   0.0975  14.4885  17.2217   14.9313  -131.49
 12 1960    0.0690   0.4551   0.1008  14.2982  17.0230   15.4238  -132.04
 12 1961    0.0134   0.3692   0.0931  14.0989  16.6746   15.8288  -135.52
 12 1962    0.0164   0.3093   0.0839  13.8942  16.4038   16.1700  -137.43
 12 1963    0.0228   0.2793   0.0790  13.6930  16.1741   16.5097  -135.84
 12 1964    0.0167   0.2402   0.0739  13.4925  15.9233   16.8293  -137.12
 12 1965    0.0144   0.2099   0.0698  13.2934  15.6875   17.1331  -138.76
 12 1966    0.0220   0.1975   0.0671  13.0971  15.4838   17.4314  -139.23
 12 1967    0.0209   0.1894   0.0659  12.9048  15.2809   17.7327  -140.32
 12 1968    0.0163   0.1741   0.0638  12.7140  15.0682   18.0206  -142.39
 12 1969    0.0131   0.1581   0.0615  12.5248  14.8574   18.2958  -144.70
 12 1970    0.0130   0.1498   0.0600  12.3384  14.6612   18.5669  -146.63
 12 1971    0.0152   0.1426   0.0583  12.1542  14.4703   18.8298  -148.50
 12 1972    0.0098   0.1243   0.0557  11.9713  14.2611   19.0783  -151.36
 12 1973    0.0104   0.1115   0.0534  11.7902  14.0655   19.3162  -153.80
 12 1974    0.0111   0.1141   0.0534  11.6138  13.8924   19.5644  -155.47
 12 1975    0.0097   0.1080   0.0522  11.4390  13.7089   19.8018  -157.66
 12 1976    0.0144   0.1064   0.0510  11.2665  13.5382   20.0331  -159.51
 12 1977    0.0106   0.1031   0.0504  11.0973  13.3614   20.2662  -161.77
 12 1978    0.0105   0.1049   0.0502  10.9311  13.1966   20.4986  -163.70
 12 1979    0.0114   0.1055   0.0496  10.7672  13.0338   20.7266  -165.68
 12 1980    0.0188   0.1106   0.0491  10.6060  12.8844   20.9522  -167.31
 12 1981    0.0191   0.1185   0.0496  10.4490  12.7362   21.1875  -169.03
 12 1982    0.0137   0.1153   0.0491  10.2937  12.5719   21.4154  -171.40
 12 1983    0.0140   0.1136   0.0483  10.1403  12.4162   21.6365  -173.58
 12 1984    0.0149   0.1112   0.0473   9.9889  12.2623   21.8524  -175.80
 12 1985    0.0110   0.1098   0.0470   9.8406  12.1084   22.0706  -178.11
 12 1986    0.0162   0.1139   0.0466   9.6943  11.9710   22.2845  -180.00
 12 1987    0.0215   0.1194   0.0463   9.5508  11.8379   22.4993  -181.85
 12 1988    0.0162   0.1181   0.0461   9.4100  11.6905   22.7156  -184.22
 12 1989    0.0120   0.1101   0.0449   9.2700  11.5370   22.9197  -186.86
 12 1990    0.0151   0.1116   0.0443   9.1325  11.4036   23.1234  -188.98
 12 1991    0.0200   0.1231   0.0451   8.9988  11.2869   23.3361  -190.69
 12 1992    0.0158   0.1200   0.0445   8.8665  11.1468   23.5422  -193.16
 12 1993    0.0146   0.1184   0.0439   8.7360  11.0129   23.7443  -195.53
 12 1994    0.0209   0.1269   0.0441   8.6083  10.9001   23.9496  -197.36
 12 1995    0.0198   0.1326   0.0445   8.4836  10.7806   24.1600  -199.46
 12 1996    0.0155   0.1293   0.0440   8.3601  10.6490   24.3631  -201.98
 12 1997    0.0132   0.1239   0.0430   8.2378  10.5179   24.5584  -204.56
 12 1998    0.0129   0.1234   0.0425   8.1176  10.3965   24.7538  -206.94
 12 1999    0.0150   0.1221   0.0417   7.9988  10.2777   24.9436  -209.30
 12 2000    0.0098   0.1086   0.0399   7.8805  10.1388   25.1218  -212.34
 12 2001    0.0105   0.0996   0.0382   7.7631  10.0114   25.2914  -215.12
 12 2002    0.0126   0.1047   0.0385   7.6493   9.9051   25.4715  -217.33
 12 2003    0.0275   0.1488   0.0432   7.5468   9.8663   25.6854  -217.60
 12 2004    0.0462   0.1975   0.0479   7.4493   9.8409   25.9221  -217.52
 12 2005    0.1137   0.3011   0.0553   7.3601   9.9302   26.2057  -214.12
 12 2006    0.0760   0.3297   0.0620   7.2788   9.8465   26.5347  -215.80
 12 2007    0.0198   0.2888   0.0605   7.1913   9.6605   26.8098  -220.56
 12 2008    0.0157   0.2485   0.0544   7.0965   9.5151   27.0220  -224.24
 12 2009    0.0298   0.2474   0.0526   7.0050   9.4348   27.2458  -226.02
 12 2010    0.0385   0.2558   0.0528   6.9169   9.3640   27.4825  -227.56
 12 2011    0.0699   0.2912   0.0545   6.8327   9.3483   27.7364  -227.42
 12 2012    0.0421   0.2833   0.0557   6.7515   9.2327   28.0012  -230.40
 12 2013    0.0478   0.3089   0.0585   6.6734   9.1887   28.2774  -231.20
 12 2014    0.0512   0.3220   0.0596   6.5963   9.1291   28.5517  -232.51
 12 2015    0.0626   0.3444   0.0612   6.5220   9.0902   28.8358  -233.19
 12 2016    0.0463   0.3247   0.0594   6.4461   8.9764   29.0997  -236.30
 12 2017    0.0550   0.3405   0.0605   6.3735   8.9294   29.3774  -237.30
 12 2018    0.0693   0.3453   0.0593   6.3001   8.8740   29.6412  -238.60
 12 2019    0.0510   0.3513   0.0618   6.2325   8.7966   29.9367  -240.66
 12 2020    0.0434   0.3466   0.0615   6.1634   8.7148   30.2128  -242.88
 12 2021    0.0446   0.3454   0.0609   6.0946   8.6454   30.4829  -244.75
 12 2022    0.0520   0.3333   0.0581   6.0239   8.5672   30.7311  -246.95
 12 2023    0.0498   0.3369   0.0587   5.9574   8.5028   31.0003  -248.73
 12 2024    0.0333   0.3189   0.0575   5.8899   8.3996   31.2547  -251.90
 12 2025    0.0630   0.3630   0.0609   5.8280   8.4149   31.5397  -250.91
 12 2026    0.0562   0.3723   0.0625   5.7680   8.3590   31.8307  -252.45
 12 2027    0.0595   0.3797   0.0628   5.7082   8.3102   32.1161  -253.77
 12 2028    0.0619   0.3845   0.0629   5.6494   8.2588   32.4007  -255.20
 12 2029    0.0842   0.4211   0.0657   5.5951   8.2661   32.7104  -254.53
 12 2030    0.0484   0.4005   0.0658   5.5410   8.1556   33.0146  -258.16
 12 2031    0.0326   0.3591   0.0610   5.4804   8.0331   33.2666  -262.36
 12 2032    0.0672   0.3853   0.0613   5.4236   8.0374   33.5373  -261.80
 12 2033    0.0704   0.4005   0.0630   5.3712   8.0051   33.8325  -262.62
 12 2034    0.0806   0.4078   0.0627   5.3182   7.9694   34.1176  -263.59
 12 2035    0.0404   0.3849   0.0632   5.2675   7.8561   34.4123  -267.63
 12 2036    0.0398   0.3562   0.0589   5.2104   7.7653   34.6546  -270.86
 12 2037    0.0556   0.3638   0.0585   5.1566   7.7345   34.9136  -271.72
 12 2038    0.0570   0.3736   0.0598   5.1061   7.6965   35.1898  -272.88
 12 2039    0.0668   0.3920   0.0613   5.0576   7.6777   35.4736  -273.29
 12 2040    0.0400   0.3787   0.0618   5.0100   7.5906   35.7583  -276.53
 12 2041    0.0562   0.3731   0.0591   4.9585   7.5469   36.0087  -278.00
 12 2042    0.0347   0.3436   0.0569   4.9075   7.4427   36.2568  -282.10
 12 2043    0.0477   0.3352   0.0544   4.8548   7.3920   36.4865  -283.94
 12 2044    0.0488   0.3260   0.0529   4.8033   7.3310   36.7188  -286.28
 12 2045    0.0464   0.3232   0.0528   4.7537   7.2762   36.9575  -288.39
 12 2046    0.0401   0.3096   0.0514   4.7032   7.2043   37.1841  -291.32
 12 2047    0.0489   0.3172   0.0517   4.6545   7.1722   37.4170  -292.45
 12 2048    0.0644   0.3192   0.0502   4.6049   7.1388   37.6380  -293.66
