MON   YR       DPM      RPM      BIO      HUM    TOTAL       CO2     D14C
 12 1940    0.0000   4.0892   0.4240  18.2737  24.8869    1.7301   -94.75
 12 1941    0.3066   3.6374   0.3924  18.1709  24.6073    3.3197   -96.68
 12 1942    0.0602   2.8888   0.3504  18.0500  23.4494    4.7727  -101.18
 12 1943    0.0617   2.3001   0.2941  17.8766  22.6324    5.8367  -104.74
 12 1944    0.0532   1.8267   0.2476  17.6838  21.9113    6.7421  -108.06
 12 1945    0.0511   1.4639   0.2109  17.4777  21.3036    7.5287  -111.18
 12 1946    0.0632   1.2360   0.1885  17.2704  20.8582    8.2800  -113.71
 12 1947    0.0426   1.0082   0.1658  17.0531  20.3697    8.9351  -116.33
 12 1948    0.0470   0.8393   0.1471  16.8298  19.9633    9.5196  -118.66
 12 1949    0.0512   0.7253   0.1348  16.6072  19.6185   10.0807  -120.75
 12 1950    0.0467   0.6346   0.1254  16.3848  19.2914   10.6148  -122.65
 12 1951    0.0394   0.5581   0.1173  16.1619  18.9767   11.1177  -124.56
 12 1952    0.0723   0.5232   0.1105  15.9393  18.7453   11.5937  -126.10
 12 1953    0.1021   0.5435   0.1114  15.7274  18.5844   12.1176  -127.31
 12 1954    0.0483   0.4885   0.1090  15.5171  18.2629   12.6258  -129.30
 12 1955    0.0635   0.4702   0.1050  15.3046  18.0433   13.0917  -130.61
 12 1956    0.0637   0.4526   0.1023  15.0957  17.8144   13.5567  -131.84
 12 1957    0.0606   0.4580   0.1033  14.8936  17.6156   14.0424  -132.31
 12 1958    0.0501   0.4287   0.0996  14.6897  17.3681   14.4899  -133.09
 12 1959    0.0906   0.4450   0.0975  14.4885  17.2217   14.9313  -131.49
 12 1960    0.0690   0.4551   0.1008  14.2982  17.0230   15.4238  -132.04
 12 1961    0.0134   0.3692   0.0931  14.0989  16.6746   15.8288  -135.52
 12 1962    0.0164   0.3093   0.0839  13.8942  16.4038   16.1700  -137.43
 12 1963    0.0228   0.2793   0.0790  13.6930  16.1741   16.5097  -135.84
 12 1964    0.0167   0.2402   0.0739  13.4925  15.9233   16.8293  -137.12
 12 1965    0.0144   0.2099   0.0698  13.2934  15.6875   17.1331  -138.76
 12 1966    0.0220   0.1975   0.0671  13.0971  15.4838   17.4314  -139.23
 12 1967    0.0209   0.1894   0.0659  12.9048  15.2809   17.7327  -140.32
 12 1968    0.0163   0.1741   0.0638  12.7140  15.0682   18.0206  -142.39
 12 1969    0.0131   0.1581   0.0615  12.5248  14.8574   18.2958  -144.70
 12 1970    0.0130   0.1498   0.0600  12.3384  14.6612   18.5669  -146.63
 12 1971    0.0152   0.1426   0.0583  12.1542  14.4703   18.8298  -148.50
 12 1972    0.0098   0.1243   0.0557  11.9713  14.2611   19.0783  -151.36
 12 1973    0.0104   0.1115   0.0534  11.7902  14.0655   19.3162  -153.80
 12 1974    0.0111   0.1141   0.0534  11.6138  13.8924   19.5644  -155.47
 12 1975    0.0097   0.1080   0.0522  11.4390  13.7089   19.8018  -157.66
 12 1976    0.0144   0.1064   0.0510  11.2665  13.5382   20.0331  -159.51
 12 1977    0.0106   0.1031   0.0504  11.0973  13.3614   20.2662  -161.77
 12 1978    0.0105   0.1049   0.0502  10.9311  13.1966   20.4986  -163.70
 12 1979    0.0114   0.1055   0.0496  10.7672  13.0338   20.7266  -165.68
 12 1980    0.0188   0.1106   0.0491  10.6060  12.8844   20.9522  -167.31
 12 1981    0.0191   0.1185   0.0496  10.4490  12.7362   21.1875  -169.03
 12 1982    0.0137   0.1153   0.0491  10.2937  12.5719   21.4154  -171.40
 12 1983    0.0140   0.1136   0.0483  10.1403  12.4162   21.6365  -173.58
 12 1984    0.0149   0.1112   0.0473   9.9889  12.2623   21.8524  -175.80
 12 1985    0.0110   0.1098   0.0470   9.8406  12.1084   22.0706  -178.11
 12 1986    0.0162   0.1139   0.0466   9.6943  11.9710   22.2845  -180.00
 12 1987    0.0215   0.1194   0.0463   9.5508  11.8379   22.4993  -181.85
 12 1988    0.0162   0.1181   0.0461   9.4100  11.6905   22.7156  -184.22
 12 1989    0.0120   0.1101   0.0449   9.2700  11.5370   22.9197  -186.86
 12 1990    0.0151   0.1116   0.0443   9.1325  11.4036   23.1234  -188.98
 12 1991    0.0200   0.1231   0.0451   8.9988  11.2869   23.3361  -190.69
 12 1992    0.0158   0.1200   0.0445   8.8665  11.1468   23.5422  -193.16
 12 1993    0.0146   0.1184   0.0439   8.7360  11.0129   23.7443  -195.53
 12 1994    0.0209   0.1269   0.0441   8.6083  10.9001   23.9496  -197.36
 12 1995    0.0198   0.1326   0.0445   8.4836  10.7806   24.1600  -199.46
 12 1996    0.0155   0.1293   0.0440   8.3601  10.6490   24.3631  -201.98
 12 1997    0.0132   0.1239   0.0430   8.2378  10.5179   24.5584  -204.56
 12 1998    0.0129   0.1234   0.0425   8.1176  10.3965   24.7538  -206.94
 12 1999    0.0150   0.1221   0.0417   7.9988  10.2777   24.9436  -209.30
 12 2000    0.0098   0.1086   0.0399   7.8805  10.1388   25.1218  -212.34
 12 2001    0.0105   0.0996   0.0382   7.7631  10.0114   25.2914  -215.12
 12 2002    0.0126   0.1047   0.0385   7.6493   9.9051   25.4715  -217.33
 12 2003    0.0356   0.1497   0.0424   7.5458   9.8736   25.6782  -217.39
 12 2004    0.1490   0.3843   0.0649   7.4701  10.1683   26.0679  -208.07
 12 2005    0.1092   0.4651   0.0787   7.4025  10.1555   26.5071  -207.70
 12 2006    0.1525   0.5522   0.0850   7.3332  10.2229   26.9262  -205.16
 12 2007    0.0178   0.4552   0.0825   7.2601   9.9156   27.3103  -212.99
 12 2008    0.0270   0.3958   0.0721   7.1716   9.7664   27.5755  -216.61
 12 2009    0.0293   0.3653   0.0674   7.0860   9.6480   27.8502  -219.43
 12 2010    0.0618   0.3848   0.0670   7.0044   9.6180   28.1429  -219.71
 12 2011    0.0782   0.3933   0.0664   6.9251   9.5631   28.4421  -220.75
 12 2012    0.0596   0.3832   0.0665   6.8483   9.4576   28.7494  -223.31
 12 2013    0.1073   0.5037   0.0793   6.7877   9.5780   29.1609  -219.26
 12 2014    0.1074   0.5392   0.0834   6.7268   9.5568   29.5633  -219.36
 12 2015    0.0825   0.5763   0.0905   6.6734   9.5228   30.0116  -219.85
 12 2016    0.0909   0.5631   0.0866   6.6101   9.4507   30.3834  -221.48
 12 2017    0.1129   0.6187   0.0920   6.5575   9.4811   30.8225  -220.16
 12 2018    0.1312   0.6452   0.0932   6.5045   9.4741   31.2529  -219.93
 12 2019    0.1025   0.6635   0.0981   6.4587   9.4229   31.7279  -220.99
 12 2020    0.1017   0.6653   0.0978   6.4087   9.3735   32.1672  -221.98
 12 2021    0.0972   0.7068   0.1040   6.3678   9.3757   32.6643  -221.51
 12 2022    0.1147   0.6908   0.0991   6.3171   9.3217   33.0876  -222.69
 12 2023    0.0316   0.6092   0.0953   6.2668   9.1030   33.5082  -228.79
 12 2024    0.1087   0.6619   0.0953   6.2161   9.1820   33.9180  -226.03
 12 2025    0.0591   0.6352   0.0964   6.1709   9.0616   34.3617  -229.28
 12 2026    0.1654   0.7602   0.1038   6.1325   9.2619   34.8470  -222.95
 12 2027    0.0557   0.6922   0.1042   6.0952   9.0473   35.3363  -228.97
 12 2028    0.2135   0.8272   0.1076   6.0575   9.3059   35.8179  -221.00
 12 2029    0.0925   0.7954   0.1143   6.0336   9.1358   36.3930  -225.62
 12 2030    0.1651   0.8743   0.1180   6.0049   9.2623   36.9301  -221.61
 12 2031    0.0296   0.7379   0.1109   5.9689   8.9474   37.4137  -230.62
 12 2032    0.1896   0.8659   0.1136   5.9353   9.2044   37.9080  -222.67
 12 2033    0.0817   0.7968   0.1138   5.9079   9.0002   38.4429  -228.37
 12 2034    0.2439   0.9039   0.1129   5.8748   9.2355   38.9340  -221.14
 12 2035    0.0391   0.7896   0.1165   5.8546   8.8998   39.5134  -230.79
 12 2036    0.1652   0.8511   0.1127   5.8188   9.0478   39.9782  -226.03
 12 2037    0.0576   0.7665   0.1112   5.7898   8.8251   40.4880  -232.48
 12 2038    0.2106   0.9053   0.1163   5.7639   9.0961   41.0151  -224.00
 12 2039    0.0688   0.8268   0.1186   5.7445   8.8586   41.5858  -230.85
 12 2040    0.1548   0.9206   0.1236   5.7242   9.0231   42.1468  -225.62
 12 2041    0.0689   0.8187   0.1167   5.6959   8.8001   42.6505  -232.10
 12 2042    0.1514   0.8757   0.1169   5.6694   8.9134   43.1619  -228.35
 12 2043    0.0491   0.7633   0.1105   5.6389   8.6617   43.6421  -235.88
 12 2044    0.2089   0.8557   0.1082   5.6055   8.8784   44.0981  -228.85
 12 2045    0.0663   0.7624   0.1088   5.5819   8.6194   44.6200  -236.69
 12 2046    0.1637   0.8082   0.1060   5.5490   8.7269   45.0720  -233.02
 12 2047    0.0579   0.7306   0.1055   5.5218   8.5157   45.5618  -239.53
 12 2048    0.2660   0.8634   0.1040   5.4888   8.8222   46.0057  -229.57
