MON   YR       DPM      RPM      BIO      HUM    TOTAL       CO2     D14C
 12 1940    0.0000   4.0892   0.4240  18.2737  24.8869    1.7301   -94.75
 12 1941    0.3066   3.6374   0.3924  18.1709  24.6073    3.3197   -96.68
 12 1942    0.0602   2.8888   0.3504  18.0500  23.4494    4.7727  -101.18
 12 1943    0.0617   2.3001   0.2941  17.8766  22.6324    5.8367  -104.74
 12 1944    0.0532   1.8267   0.2476  17.6838  21.9113    6.7421  -108.06
 12 1945    0.0511   1.4639   0.2109  17.4777  21.3036    7.5287  -111.18
 12 1946    0.0632   1.2360   0.1885  17.2704  20.8582    8.2800  -113.71
 12 1947    0.0426   1.0082   0.1658  17.0531  20.3697    8.9351  -116.33
 12 1948    0.0470   0.8393   0.1471  16.8298  19.9633    9.5196  -118.66
 12 1949    0.0512   0.7253   0.1348  16.6072  19.6185   10.0807  -120.75
 12 1950    0.0467   0.6346   0.1254  16.3848  19.2914   10.6148  -122.65
 12 1951    0.0394   0.5581   0.1173  16.1619  18.9767   11.1177  -124.56
 12 1952    0.0723   0.5232   0.1105  15.9393  18.7453   11.5937  -126.10
 12 1953    0.1021   0.5435   0.1114  15.7274  18.5844   12.1176  -127.31
 12 1954    0.0483   0.4885   0.1090  15.5171  18.2629   12.6258  -129.30
 12 1955    0.0635   0.4702   0.1050  15.3046  18.0433   13.0917  -130.61
 12 1956    0.0637   0.4526   0.1023  15.0957  17.8144   13.5567  -131.84
 12 1957    0.0606   0.4580   0.1033  14.8936  17.6156   14.0424  -132.31
 12 1958    0.0501   0.4287   0.0996  14.6897  17.3681   14.4899  -133.09
 12 1959    0.0906   0.4450   0.0975  14.4885  17.2217   14.9313  -131.49
 12 1960    0.0690   0.4551   0.1008  14.2982  17.0230   15.4238  -132.04
 12 1961    0.0134   0.3692   0.0931  14.0989  16.6746   15.8288  -135.52
 12 1962    0.0164   0.3093   0.0839  13.8942  16.4038   16.1700  -137.43
 12 1963    0.0228   0.2793   0.0790  13.6930  16.1741   16.5097  -135.84
 12 1964    0.0167   0.2402   0.0739  13.4925  15.9233   16.8293  -137.12
 12 1965    0.0144   0.2099   0.0698  13.2934  15.6875   17.1331  -138.76
 12 1966    0.0220   0.1975   0.0671  13.0971  15.4838   17.4314  -139.23
 12 1967    0.0209   0.1894   0.0659  12.9048  15.2809   17.7327  -140.32
 12 1968    0.0163   0.1741   0.0638  12.7140  15.0682   18.0206  -142.39
 12 1969    0.0131   0.1581   0.0615  12.5248  14.8574   18.2958  -144.70
 12 1970    0.0130   0.1498   0.0600  12.3384  14.6612   18.5669  -146.63
 12 1971    0.0152   0.1426   0.0583  12.1542  14.4703   18.8298  -148.50
 12 1972    0.0098   0.1243   0.0557  11.9713  14.2611   19.0783  -151.36
 12 1973    0.0104   0.1115   0.0534  11.7902  14.0655   19.3162  -153.80
 12 1974    0.0111   0.1141   0.0534  11.6138  13.8924   19.5644  -155.47
 12 1975    0.0097   0.1080   0.0522  11.4390  13.7089   19.8018  -157.66
 12 1976    0.0144   0.1064   0.0510  11.2665  13.5382   20.0331  -159.51
 12 1977    0.0106   0.1031   0.0504  11.0973  13.3614   20.2662  -161.77
 12 1978    0.0105   0.1049   0.0502  10.9311  13.1966   20.4986  -163.70
 12 1979    0.0114   0.1055   0.0496  10.7672  13.0338   20.7266  -165.68
 12 1980    0.0188   0.1106   0.0491  10.6060  12.8844   20.9522  -167.31
 12 1981    0.0191   0.1185   0.0496  10.4490  12.7362   21.1875  -169.03
 12 1982    0.0137   0.1153   0.0491  10.2937  12.5719   21.4154  -171.40
 12 1983    0.0140   0.1136   0.0483  10.1403  12.4162   21.6365  -173.58
 12 1984    0.0149   0.1112   0.0473   9.9889  12.2623   21.8524  -175.80
 12 1985    0.0110   0.1098   0.0470   9.8406  12.1084   22.0706  -178.11
 12 1986    0.0162   0.1139   0.0466   9.6943  11.9710   22.2845  -180.00
 12 1987    0.0215   0.1194   0.0463   9.5508  11.8379   22.4993  -181.85
 12 1988    0.0162   0.1181   0.0461   9.4100  11.6905   22.7156  -184.22
 12 1989    0.0120   0.1101   0.0449   9.2700  11.5370   22.9197  -186.86
 12 1990    0.0151   0.1116   0.0443   9.1325  11.4036   23.1234  -188.98
 12 1991    0.0200   0.1231   0.0451   8.9988  11.2869   23.3361  -190.69
 12 1992    0.0158   0.1200   0.0445   8.8665  11.1468   23.5422  -193.16
 12 1993    0.0146   0.1184   0.0439   8.7360  11.0129   23.7443  -195.53
 12 1994    0.0209   0.1269   0.0441   8.6083  10.9001   23.9496  -197.36
 12 1995    0.0198   0.1326   0.0445   8.4836  10.7806   24.1600  -199.46
 12 1996    0.0155   0.1293   0.0440   8.3601  10.6490   24.3631  -201.98
 12 1997    0.0132   0.1239   0.0430   8.2378  10.5179   24.5584  -204.56
 12 1998    0.0129   0.1234   0.0425   8.1176  10.3965   24.7538  -206.94
 12 1999    0.0150   0.1221   0.0417   7.9988  10.2777   24.9436  -209.30
 12 2000    0.0098   0.1086   0.0399   7.8805  10.1388   25.1218  -212.34
 12 2001    0.0105   0.0996   0.0382   7.7631  10.0114   25.2914  -215.12
 12 2002    0.0126   0.1047   0.0385   7.6493   9.9051   25.4715  -217.33
 12 2003    0.0297   0.1582   0.0444   7.5928   9.9250   25.6267  -216.25
 12 2004    0.0129   0.1587   0.0456   7.5337   9.8510   25.7599  -218.00
 12 2005    0.0709   0.2315   0.0499   7.4789   9.9311   25.9188  -215.22
 12 2006    0.0659   0.2819   0.0571   7.4311   9.9360   26.1231  -214.68
 12 2007    0.0184   0.2740   0.0599   7.3809   9.8332   26.3078  -217.26
 12 2008    0.0108   0.2508   0.0565   7.3238   9.7419   26.4397  -219.55
 12 2009    0.0259   0.2605   0.0560   7.2694   9.7118   26.5861  -220.07
 12 2010    0.0233   0.2617   0.0560   7.2163   9.6573   26.7381  -221.33
 12 2011    0.0481   0.2987   0.0586   7.1669   9.6724   26.9123  -220.57
 12 2012    0.0226   0.2869   0.0590   7.1167   9.5852   27.0774  -222.80
 12 2013    0.0453   0.3248   0.0619   7.0698   9.6019   27.2621  -222.02
 12 2014    0.0260   0.3173   0.0623   7.0218   9.5274   27.4355  -223.90
 12 2015    0.0615   0.3563   0.0640   6.9757   9.5575   27.6184  -222.74
 12 2016    0.0296   0.3424   0.0647   6.9301   9.4668   27.8024  -225.12
 12 2017    0.0583   0.3753   0.0663   6.8856   9.4855   27.9905  -224.32
 12 2018    0.0398   0.3689   0.0667   6.8414   9.4169   28.1776  -226.07
 12 2019    0.0521   0.3913   0.0684   6.7990   9.4108   28.3738  -226.01
 12 2020    0.0219   0.3733   0.0685   6.7559   9.3196   28.5620  -228.45
 12 2021    0.0434   0.3876   0.0681   6.7121   9.3111   28.7422  -228.46
 12 2022    0.0394   0.3804   0.0671   6.6683   9.2552   28.9194  -229.89
 12 2023    0.0510   0.4036   0.0691   6.6281   9.2518   29.1191  -229.77
 12 2024    0.0196   0.3802   0.0686   6.5862   9.1546   29.3037  -232.47
 12 2025    0.0583   0.4240   0.0709   6.5475   9.2007   29.5074  -230.85
 12 2026    0.0283   0.4096   0.0715   6.5086   9.1180   29.7075  -233.13
 12 2027    0.0545   0.4281   0.0713   6.4688   9.1226   29.8977  -232.77
 12 2028    0.0424   0.4243   0.0716   6.4305   9.0687   30.0961  -234.19
 12 2029    0.0872   0.4803   0.0751   6.3962   9.1388   30.3199  -231.85
 12 2030    0.0246   0.4502   0.0766   6.3621   9.0136   30.5432  -235.47
 12 2031    0.0299   0.4317   0.0730   6.3215   8.9561   30.7173  -237.05
 12 2032    0.0443   0.4397   0.0726   6.2838   8.9404   30.9091  -237.33
 12 2033    0.0662   0.4623   0.0735   6.2484   8.9504   31.1143  -236.80
 12 2034    0.0469   0.4531   0.0739   6.2134   8.8872   31.3200  -238.57
 12 2035    0.0336   0.4480   0.0743   6.1787   8.8346   31.5253  -240.04
 12 2036    0.0253   0.4210   0.0710   6.1395   8.7569   31.6968  -242.34
 12 2037    0.0574   0.4429   0.0710   6.1034   8.7747   31.8869  -241.55
 12 2038    0.0312   0.4279   0.0713   6.0689   8.6993   32.0852  -243.79
 12 2039    0.0611   0.4531   0.0719   6.0345   8.7206   32.2821  -242.90
 12 2040    0.0266   0.4362   0.0728   6.0017   8.6373   32.4879  -245.44
 12 2041    0.0504   0.4416   0.0711   5.9656   8.6286   32.6678  -245.52
 12 2042    0.0280   0.4225   0.0704   5.9311   8.5520   32.8566  -247.88
 12 2043    0.0424   0.4214   0.0687   5.8949   8.5275   33.0311  -248.50
 12 2044    0.0397   0.4135   0.0678   5.8597   8.4807   33.2096  -249.89
 12 2045    0.0463   0.4217   0.0683   5.8263   8.4625   33.3981  -250.32
 12 2046    0.0242   0.3943   0.0665   5.7906   8.3755   33.5686  -253.14
 12 2047    0.0486   0.4050   0.0656   5.7553   8.3745   33.7391  -252.97
 12 2048    0.0404   0.3937   0.0647   5.7206   8.3193   33.9109  -254.71
