MON   YR       DPM      RPM      BIO      HUM    TOTAL       CO2     D14C
 12 1940    0.0000   4.0892   0.4240  18.2737  24.8869    1.7301   -94.75
 12 1941    0.3066   3.6374   0.3924  18.1709  24.6073    3.3197   -96.68
 12 1942    0.0602   2.8888   0.3504  18.0500  23.4494    4.7727  -101.18
 12 1943    0.0617   2.3001   0.2941  17.8766  22.6324    5.8367  -104.74
 12 1944    0.0532   1.8267   0.2476  17.6838  21.9113    6.7421  -108.06
 12 1945    0.0511   1.4639   0.2109  17.4777  21.3036    7.5287  -111.18
 12 1946    0.0632   1.2360   0.1885  17.2704  20.8582    8.2800  -113.71
 12 1947    0.0426   1.0082   0.1658  17.0531  20.3697    8.9351  -116.33
 12 1948    0.0470   0.8393   0.1471  16.8298  19.9633    9.5196  -118.66
 12 1949    0.0512   0.7253   0.1348  16.6072  19.6185   10.0807  -120.75
 12 1950    0.0467   0.6346   0.1254  16.3848  19.2914   10.6148  -122.65
 12 1951    0.0394   0.5581   0.1173  16.1619  18.9767   11.1177  -124.56
 12 1952    0.0723   0.5232   0.1105  15.9393  18.7453   11.5937  -126.10
 12 1953    0.1021   0.5435   0.1114  15.7274  18.5844   12.1176  -127.31
 12 1954    0.0483   0.4885   0.1090  15.5171  18.2629   12.6258  -129.30
 12 1955    0.0635   0.4702   0.1050  15.3046  18.0433   13.0917  -130.61
 12 1956    0.0637   0.4526   0.1023  15.0957  17.8144   13.5567  -131.84
 12 1957    0.0606   0.4580   0.1033  14.8936  17.6156   14.0424  -132.31
 12 1958    0.0501   0.4287   0.0996  14.6897  17.3681   14.4899  -133.09
 12 1959    0.0906   0.4450   0.0975  14.4885  17.2217   14.9313  -131.49
 12 1960    0.0690   0.4551   0.1008  14.2982  17.0230   15.4238  -132.04
 12 1961    0.0134   0.3692   0.0931  14.0989  16.6746   15.8288  -135.52
 12 1962    0.0164   0.3093   0.0839  13.8942  16.4038   16.1700  -137.43
 12 1963    0.0228   0.2793   0.0790  13.6930  16.1741   16.5097  -135.84
 12 1964    0.0167   0.2402   0.0739  13.4925  15.9233   16.8293  -137.12
 12 1965    0.0144   0.2099   0.0698  13.2934  15.6875   17.1331  -138.76
 12 1966    0.0220   0.1975   0.0671  13.0971  15.4838   17.4314  -139.23
 12 1967    0.0209   0.1894   0.0659  12.9048  15.2809   17.7327  -140.32
 12 1968    0.0163   0.1741   0.0638  12.7140  15.0682   18.0206  -142.39
 12 1969    0.0131   0.1581   0.0615  12.5248  14.8574   18.2958  -144.70
 12 1970    0.0130   0.1498   0.0600  12.3384  14.6612   18.5669  -146.63
 12 1971    0.0152   0.1426   0.0583  12.1542  14.4703   18.8298  -148.50
 12 1972    0.0098   0.1243   0.0557  11.9713  14.2611   19.0783  -151.36
 12 1973    0.0104   0.1115   0.0534  11.7902  14.0655   19.3162  -153.80
 12 1974    0.0111   0.1141   0.0534  11.6138  13.8924   19.5644  -155.47
 12 1975    0.0097   0.1080   0.0522  11.4390  13.7089   19.8018  -157.66
 12 1976    0.0144   0.1064   0.0510  11.2665  13.5382   20.0331  -159.51
 12 1977    0.0106   0.1031   0.0504  11.0973  13.3614   20.2662  -161.77
 12 1978    0.0105   0.1049   0.0502  10.9311  13.1966   20.4986  -163.70
 12 1979    0.0114   0.1055   0.0496  10.7672  13.0338   20.7266  -165.68
 12 1980    0.0188   0.1106   0.0491  10.6060  12.8844   20.9522  -167.31
 12 1981    0.0191   0.1185   0.0496  10.4490  12.7362   21.1875  -169.03
 12 1982    0.0137   0.1153   0.0491  10.2937  12.5719   21.4154  -171.40
 12 1983    0.0140   0.1136   0.0483  10.1403  12.4162   21.6365  -173.58
 12 1984    0.0149   0.1112   0.0473   9.9889  12.2623   21.8524  -175.80
 12 1985    0.0110   0.1098   0.0470   9.8406  12.1084   22.0706  -178.11
 12 1986    0.0162   0.1139   0.0466   9.6943  11.9710   22.2845  -180.00
 12 1987    0.0215   0.1194   0.0463   9.5508  11.8379   22.4993  -181.85
 12 1988    0.0162   0.1181   0.0461   9.4100  11.6905   22.7156  -184.22
 12 1989    0.0120   0.1101   0.0449   9.2700  11.5370   22.9197  -186.86
 12 1990    0.0151   0.1116   0.0443   9.1325  11.4036   23.1234  -188.98
 12 1991    0.0200   0.1231   0.0451   8.9988  11.2869   23.3361  -190.69
 12 1992    0.0158   0.1200   0.0445   8.8665  11.1468   23.5422  -193.16
 12 1993    0.0146   0.1184   0.0439   8.7360  11.0129   23.7443  -195.53
 12 1994    0.0209   0.1269   0.0441   8.6083  10.9001   23.9496  -197.36
 12 1995    0.0198   0.1326   0.0445   8.4836  10.7806   24.1600  -199.46
 12 1996    0.0155   0.1293   0.0440   8.3601  10.6490   24.3631  -201.98
 12 1997    0.0132   0.1239   0.0430   8.2378  10.5179   24.5584  -204.56
 12 1998    0.0129   0.1234   0.0425   8.1176  10.3965   24.7538  -206.94
 12 1999    0.0150   0.1221   0.0417   7.9988  10.2777   24.9436  -209.30
 12 2000    0.0098   0.1086   0.0399   7.8805  10.1388   25.1218  -212.34
 12 2001    0.0105   0.0996   0.0382   7.7631  10.0114   25.2914  -215.12
 12 2002    0.0126   0.1047   0.0385   7.6493   9.9051   25.4715  -217.33
 12 2003    0.0305   0.1583   0.0443   7.5927   9.9257   25.6260  -216.23
 12 2004    0.0083   0.1539   0.0454   7.5335   9.8411   25.7583  -218.29
 12 2005    0.0824   0.2811   0.0560   7.4867  10.0062   25.9734  -213.06
 12 2006    0.0624   0.3398   0.0657   7.4448  10.0127   26.2202  -212.48
 12 2007    0.0175   0.3150   0.0655   7.3940   9.8920   26.4014  -215.54
 12 2008    0.0530   0.3472   0.0658   7.3433   9.9093   26.5791  -214.69
 12 2009    0.0240   0.3369   0.0665   7.2945   9.8220   26.7667  -216.83
 12 2010    0.0152   0.3199   0.0643   7.2424   9.7418   26.9278  -218.80
 12 2011    0.0785   0.3850   0.0671   7.1960   9.8266   27.1249  -216.09
 12 2012    0.0373   0.3882   0.0711   7.1539   9.7505   27.3494  -217.94
 12 2013    0.0595   0.4563   0.0784   7.1170   9.8112   27.6073  -215.97
 12 2014    0.0644   0.4941   0.0827   7.0798   9.8210   27.8603  -215.43
 12 2015    0.0592   0.5275   0.0873   7.0453   9.8193   28.1298  -215.22
 12 2016    0.0604   0.5447   0.0889   7.0088   9.8028   28.3822  -215.44
 12 2017    0.0630   0.5694   0.0915   6.9746   9.7985   28.6485  -215.32
 12 2018    0.1050   0.6293   0.0953   6.9431   9.8727   28.9314  -213.10
 12 2019    0.0532   0.6279   0.0996   6.9149   9.7956   29.2355  -214.97
 12 2020    0.0530   0.6582   0.1034   6.8871   9.8017   29.5405  -214.58
 12 2021    0.0455   0.6551   0.1030   6.8558   9.7594   29.8182  -215.51
 12 2022    0.1120   0.7039   0.1029   6.8243   9.8431   30.0924  -213.07
 12 2023    0.0339   0.6785   0.1065   6.7996   9.7186   30.4125  -216.22
 12 2024    0.0604   0.6966   0.1060   6.7695   9.7325   30.6925  -215.65
 12 2025    0.0632   0.7222   0.1091   6.7447   9.7392   31.0081  -215.28
 12 2026    0.0618   0.7421   0.1117   6.7208   9.7364   31.3279  -215.16
 12 2027    0.0716   0.7524   0.1117   6.6949   9.7307   31.6322  -215.14
 12 2028    0.0947   0.7916   0.1147   6.6730   9.7740   31.9625  -213.80
 12 2029    0.1120   0.8651   0.1232   6.6600   9.8602   32.3535  -211.38
 12 2030    0.0652   0.8611   0.1267   6.6441   9.7971   32.7243  -212.85
 12 2031    0.0332   0.8007   0.1204   6.6169   9.6712   33.0134  -216.02
 12 2032    0.0936   0.8561   0.1221   6.5967   9.7686   33.3503  -213.27
 12 2033    0.1092   0.8820   0.1239   6.5787   9.7938   33.7006  -212.43
 12 2034    0.0936   0.8914   0.1265   6.5628   9.7742   34.0651  -212.77
 12 2035    0.0392   0.8561   0.1265   6.5449   9.6668   34.4145  -215.45
 12 2036    0.0698   0.8514   0.1225   6.5208   9.6644   34.7180  -215.35
 12 2037    0.1011   0.8823   0.1238   6.5026   9.7099   35.0622  -213.97
 12 2038    0.0772   0.8776   0.1254   6.4860   9.6662   35.4162  -214.96
 12 2039    0.0737   0.8690   0.1243   6.4664   9.6334   35.7475  -215.68
 12 2040    0.0580   0.8734   0.1264   6.4509   9.6088   36.1066  -216.18
 12 2041    0.0729   0.8634   0.1233   6.4294   9.5890   36.4219  -216.55
 12 2042    0.0606   0.8683   0.1252   6.4137   9.5677   36.7768  -216.95
 12 2043    0.0596   0.8477   0.1222   6.3921   9.5215   37.0895  -218.04
 12 2044    0.1088   0.8759   0.1213   6.3721   9.5781   37.4113  -216.34
 12 2045    0.0680   0.8527   0.1219   6.3551   9.4978   37.7530  -218.36
 12 2046    0.0477   0.8117   0.1180   6.3320   9.4094   38.0501  -220.64
 12 2047    0.0774   0.8237   0.1169   6.3108   9.4287   38.3588  -219.95
 12 2048    0.0947   0.8422   0.1179   6.2925   9.4472   38.6868  -219.28
