0 2 1.60427083128742 0.241217445260466 0.11548990422976 0 0.01 0.43 0.19 0.0174 0.01 0.000917 6.5
2 5 1.60427083128742 0.241217445260466 0.11548990422976 0 0.04 0.43 0.19 0.0174 0.01 0.000917 6.5
5 10 1.60427083128742 0.241217445260466 0.11548990422976 0 0.25 0.43 0.19 0.0174 0.01 0.000917 6.5
10 20 1.60427083128742 0.241217445260466 0.11548990422976 0 0.3 0.43 0.19 0.0174 0.01 0.000917 6.5
20 40 1.60427083128742 0.241133709960501 0.11544078595264 0 0.15 0.43 0.19 0.0086 0.01 0.000917 6.5
40 60 1.49568315520314 0.241133709960501 0.11544078595264 0 0.1 0.43 0.19 0.0086 0.01 0.000917 6.5
60 80 1.49568315520314 0.246089881347685 0.138196356845728 0 0.05 0.51 0.23 0.00466 0.01 0.000917 6.5
80 100 1.49568315520314 0.142239374590771 0.06917054013016 0 0.04 0.71 0.12 0.0038 0.01 0.000917 6.5
100 120 1.49568315520314 0.0694573812911776 0.022696515988 0 0.03 0.87 0.05 0.003 0.01 0.000917 6.5
120 140 1.49568315520314 0.0694457368335963 0.022686983992 0 0.02 0.87 0.05 0.002 0.01 0.000917 6.5
140 160 1.49568315520314 0.0694457368335963 0.022686983992 0 0.01 0.87 0.05 0.002 0.01 0.000917 6.5
160 180 1.49568315520314 0.0325596569661036 1e-06 0 0 0.95 0.01 0.002 0.01 0.000917 6.5
180 200 1.49568315520314 0.0325596569661036 1e-06 0 0 0.95 0.01 0.002 0.01 0.000917 6.5
