MON   YR       DPM      RPM      BIO      HUM    TOTAL       CO2     D14C
 12 1850    0.0043  12.1154   1.2412  49.9528  68.5196    2.8159   -88.06
 12 1851    0.3256  11.2363   1.2013  49.8584  67.8275    5.6139   -88.94
 12 1852    0.0968   9.9142   1.1256  49.7117  66.0542    8.0482   -91.31
 12 1853    0.0814   8.7591   1.0337  49.5140  64.5941   10.1227   -93.35
 12 1854    0.1033   7.7890   0.9512  49.2956  63.3449   12.0407   -95.16
 12 1855    0.0885   6.9323   0.8779  49.0608  62.1655   13.8319   -96.94
 12 1856    0.0823   6.2051   0.8137  48.8125  61.1195   15.5140   -98.57
 12 1857    0.0819   5.5537   0.7526  48.5468  60.1409   17.0590  -100.15
 12 1858    0.0938   5.0056   0.6996  48.2712  59.2760   18.5184  -101.58
 12 1859    0.0873   4.5334   0.6549  47.9895  58.4710   19.9172  -102.95
 12 1860    0.0903   4.1500   0.6183  47.7041  57.7685   21.2706  -104.18
 12 1861    0.0814   3.7703   0.5798  47.4059  57.0434   22.5167  -105.47
 12 1862    0.0754   3.4595   0.5487  47.1057  56.3952   23.7284  -106.66
 12 1863    0.0766   3.2040   0.5226  46.8033  55.8124   24.9039  -107.75
 12 1864    0.0715   2.9568   0.4965  46.4943  55.2250   26.0135  -108.86
 12 1865    0.0747   2.7387   0.4722  46.1809  54.6724   27.0720  -109.94
 12 1866    0.0758   2.5654   0.4536  45.8688  54.1694   28.1175  -110.93
 12 1867    0.0727   2.4060   0.4362  45.5547  53.6754   29.1275  -111.93
 12 1868    0.0767   2.2597   0.4190  45.2374  53.1987   30.0946  -112.90
 12 1869    0.0694   2.1390   0.4061  44.9225  52.7429   31.0560  -113.85
 12 1870    0.0661   2.0134   0.3913  44.6035  52.2802   31.9673  -114.83
 12 1871    0.0739   1.9260   0.3804  44.2872  51.8735   32.8751  -115.71
 12 1872    0.0724   1.8552   0.3725  43.9739  51.4799   33.7815  -116.57
 12 1873    0.0767   1.7921   0.3646  43.6607  51.0999   34.6672  -117.41
 12 1874    0.0593   1.7106   0.3557  43.3468  50.6783   35.5264  -118.35
 12 1875    0.0550   1.6251   0.3447  43.0297  50.2603   36.3425  -119.31
 12 1876    0.0542   1.5649   0.3368  42.7158  49.8776   37.1582  -120.19
 12 1877    0.0706   1.5500   0.3338  42.4081  49.5684   37.9944  -120.92
 12 1878    0.0822   1.5640   0.3352  42.1080  49.2953   38.8624  -121.57
 12 1879    0.0781   1.5622   0.3354  41.8103  48.9919   39.7255  -122.29
 12 1880    0.0742   1.5641   0.3359  41.5158  48.6959   40.5900  -123.01
 12 1881    0.0579   1.5304   0.3321  41.2192  48.3455   41.4200  -123.87
 12 1882    0.0741   1.5189   0.3283  40.9237  48.0508   42.2367  -124.59
 12 1883    0.0603   1.4846   0.3241  40.6297  47.7046   43.0439  -125.46
 12 1884    0.0579   1.4669   0.3212  40.3386  47.3906   43.8501  -126.26
 12 1885    0.0611   1.4354   0.3157  40.0458  47.0639   44.6249  -127.10
 12 1886    0.0608   1.4045   0.3107  39.7546  46.7365   45.3909  -127.96
 12 1887    0.0677   1.3995   0.3088  39.4686  46.4505   46.1715  -128.72
 12 1888    0.0608   1.3857   0.3069  39.1848  46.1441   46.9480  -129.54
 12 1889    0.0560   1.3470   0.3010  38.8980  45.8080   47.6846  -130.45
 12 1890    0.0585   1.3362   0.2987  38.6163  45.5157   48.4364  -131.25
 12 1891    0.0563   1.3290   0.2973  38.3379  45.2264   49.1906  -132.06
 12 1892    0.0524   1.3039   0.2933  38.0585  44.9140   49.9193  -132.94
 12 1893    0.0571   1.2861   0.2896  37.7806  44.6194   50.6392  -133.78
 12 1894    0.0591   1.2787   0.2878  37.5065  44.3381   51.3658  -134.59
 12 1895    0.0560   1.2621   0.2850  37.2334  44.0424   52.0804  -135.46
 12 1896    0.0566   1.2404   0.2811  36.9606  43.7446   52.7777  -136.35
 12 1897    0.0520   1.2192   0.2778  36.6899  43.4448   53.4711  -137.25
 12 1898    0.0523   1.1910   0.2730  36.4187  43.1409   54.1421  -138.17
 12 1899    0.0539   1.1761   0.2701  36.1508  42.8569   54.8178  -139.05
 12 1900    0.0180   1.1867   0.2741  35.9285  42.6132   55.4778  -139.83
 12 1901    0.0183   1.1963   0.2741  35.7039  42.3985   56.1089  -140.53
 12 1902    0.0159   1.1960   0.2731  35.4799  42.1708   56.7308  -141.28
 12 1903    0.0164   1.1949   0.2718  35.2571  41.9461   57.3474  -142.02
 12 1904    0.0158   1.2036   0.2721  35.0381  41.7354   57.9764  -142.73
 12 1905    0.0166   1.2071   0.2715  34.8199  41.5210   58.5977  -143.50
 12 1906    0.0192   1.2277   0.2733  34.6065  41.3326   59.2389  -144.20
 12 1907    0.0174   1.2298   0.2728  34.3926  41.1185   59.8636  -144.97
 12 1908    0.0167   1.2400   0.2735  34.1819  40.9180   60.4975  -145.70
 12 1909    0.0143   1.2300   0.2713  33.9697  40.6912   61.1080  -146.52
 12 1910    0.0170   1.2292   0.2700  33.7597  40.4818   61.7209  -147.29
 12 1911    0.0148   1.2158   0.2675  33.5495  40.2535   62.3198  -148.12
 12 1912    0.0145   1.2154   0.2667  33.3427  40.0453   62.9294  -148.89
 12 1913    0.0155   1.2043   0.2643  33.1351  39.8251   63.5208  -149.70
 12 1914    0.0153   1.1919   0.2618  32.9286  39.6035   64.1070  -150.53
 12 1915    0.0174   1.1985   0.2620  32.7264  39.4102   64.7110  -151.32
 12 1916    0.0155   1.1965   0.2613  32.5250  39.2041   65.3076  -152.15
 12 1917    0.0142   1.1743   0.2575  32.3210  38.9729   65.8747  -153.06
 12 1918    0.0155   1.1766   0.2571  32.1222  38.7773   66.4646  -153.87
 12 1919    0.0146   1.1808   0.2572  31.9256  38.5842   67.0580  -154.66
 12 1920    0.0146   1.1745   0.2557  31.7286  38.3793   67.6365  -155.45
 12 1921    0.0160   1.1724   0.2546  31.5334  38.1823   68.2155  -156.21
 12 1922    0.0159   1.1760   0.2546  31.3409  37.9933   68.8012  -156.96
 12 1923    0.0156   1.1744   0.2537  31.1491  37.7987   69.3798  -157.74
 12 1924    0.0157   1.1648   0.2517  30.9570  37.5951   69.9452  -158.55
 12 1925    0.0145   1.1557   0.2499  30.7663  37.3923   70.5085  -159.45
 12 1926    0.0149   1.1412   0.2472  30.5754  37.1846   71.0586  -160.37
 12 1927    0.0151   1.1358   0.2459  30.3872  36.9899   71.6156  -161.24
 12 1928    0.0165   1.1443   0.2465  30.2027  36.8159   72.1870  -162.04
 12 1929    0.0169   1.1475   0.2464  30.0190  36.6356   72.7528  -162.86
 12 1930    0.0140   1.1351   0.2442  29.8343  36.4336   73.3008  -163.64
 12 1931    0.0144   1.1237   0.2420  29.6504  36.2363   73.8423  -164.42
 12 1932    0.0140   1.1222   0.2413  29.4694  36.0527   74.3935  -165.16
 12 1933    0.0147   1.1198   0.2403  29.2895  35.8703   74.9403  -165.91
 12 1934    0.0169   1.1313   0.2413  29.1132  35.7086   75.5018  -166.58
 12 1935    0.0152   1.1267   0.2402  28.9362  35.5242   76.0473  -167.44
 12 1936    0.0149   1.1316   0.2404  28.7620  35.3548   76.6018  -168.24
 12 1937    0.0132   1.1225   0.2386  28.5869  35.1670   77.1394  -169.12
 12 1938    0.0151   1.1191   0.2373  28.4134  34.9908   77.6770  -169.96
 12 1939    0.0135   1.1070   0.2352  28.2398  34.8014   78.2040  -170.86
 12 1940    0.0133   1.1066   0.2346  28.0692  34.6296   78.7408  -171.69
 12 1941    0.0143   1.0974   0.2327  27.8979  34.4482   79.2628  -172.57
 12 1942    0.0139   1.0862   0.2306  27.7274  34.2640   79.7795  -173.46
 12 1943    0.0159   1.0932   0.2310  27.5609  34.1068   80.3134  -174.25
 12 1944    0.0144   1.0935   0.2307  27.3951  33.9396   80.8425  -175.08
 12 1945    0.0131   1.0744   0.2275  27.2269  33.7478   81.3445  -176.16
 12 1946    0.0145   1.0791   0.2276  27.0635  33.5905   81.8692  -177.09
 12 1947    0.0137   1.0850   0.2280  26.9020  33.4347   82.3976  -178.01
 12 1948    0.0138   1.0825   0.2271  26.7403  33.2695   82.9146  -178.96
 12 1949    0.0150   1.0833   0.2266  26.5802  33.1109   83.4326  -179.89
 12 1950    0.0192   1.0897   0.2267  26.4217  32.9632   83.9520  -180.67
 12 1951    0.0164   1.1036   0.2285  26.2672  32.8216   84.4899  -181.44
 12 1952    0.0264   1.1688   0.2366  26.1225  32.7601   85.0848  -181.86
 12 1953    0.0149   1.1735   0.2375  25.9731  32.6048   85.6391  -182.70
 12 1954    0.0260   1.2231   0.2429  25.8305  32.5285   86.2308  -183.14
 12 1955    0.0174   1.2357   0.2447  25.6868  32.3904   86.8063  -183.74
 12 1956    0.0233   1.2825   0.2501  25.5493  32.3110   87.4157  -183.84
 12 1957    0.0168   1.2766   0.2488  25.4063  32.1544   87.9796  -184.04
 12 1958    0.0259   1.3026   0.2509  25.2680  32.0534   88.5667  -183.27
 12 1959    0.0165   1.2891   0.2489  25.1270  31.8873   89.1265  -182.71
 12 1960    0.0247   1.3278   0.2530  24.9940  31.8055   89.7334  -181.61
 12 1961    0.0171   1.3156   0.2511  24.8562  31.6459   90.2987  -181.19
 12 1962    0.0293   1.3771   0.2583  24.7303  31.6009   90.9374  -178.34
 12 1963    0.0148   1.3530   0.2552  24.5951  31.4240   91.5052  -174.02
 12 1964    0.0280   1.3986   0.2600  24.4696  31.3621   92.1310  -166.41
 12 1965    0.0143   1.3536   0.2538  24.3332  31.1608   92.6743  -165.22
 12 1966    0.0290   1.4048   0.2594  24.2105  31.1096   93.3039  -160.30
 12 1967    0.0156   1.3757   0.2556  24.0794  30.9321   93.8677  -159.74
 12 1968    0.0301   1.4178   0.2599  23.9578  30.8714   94.4891  -156.78
 12 1969    0.0158   1.3918   0.2567  23.8298  30.7001   95.0597  -157.01
 12 1970    0.0282   1.4236   0.2597  23.7092  30.6265   95.6722  -155.48
 12 1971    0.0207   1.4302   0.2607  23.5887  30.5063   96.2793  -155.13
 12 1972    0.0363   1.5184   0.2716  23.4819  30.5141   96.9718  -152.46
 12 1973    0.0196   1.5020   0.2699  23.3638  30.3612   97.5815  -153.20
 12 1974    0.0309   1.5569   0.2761  23.2560  30.3258   98.2543  -151.85
 12 1975    0.0188   1.5344   0.2730  23.1397  30.1717   98.8621  -152.75
 12 1976    0.0300   1.5986   0.2807  23.0369  30.1521   99.5559  -151.43
 12 1977    0.0213   1.5944   0.2800  22.9271  30.0287  100.1954  -152.17
 12 1978    0.0373   1.6736   0.2893  22.8305  30.0367  100.9183  -150.94
 12 1979    0.0205   1.6493   0.2864  22.7225  29.8846  101.5577  -152.35
 12 1980    0.0354   1.7179   0.2943  22.6280  29.8814  102.2822  -151.65
 12 1981    0.0187   1.6849   0.2900  22.5218  29.7212  102.9217  -153.30
 12 1982    0.0384   1.7691   0.2998  22.4326  29.7458  103.6714  -152.49
 12 1983    0.0219   1.7533   0.2981  22.3333  29.6125  104.3463  -153.85
 12 1984    0.0344   1.8351   0.3082  22.2492  29.6328  105.1190  -153.31
 12 1985    0.0209   1.7950   0.3025  22.1490  29.4733  105.7766  -155.03
 12 1986    0.0382   1.8485   0.3080  22.0616  29.4623  106.5158  -155.02
 12 1987    0.0225   1.8036   0.3021  21.9626  29.2967  107.1702  -156.82
 12 1988    0.0368   1.8792   0.3113  21.8818  29.3150  107.9435  -156.57
 12 1989    0.0231   1.8348   0.3053  21.7853  29.1544  108.6040  -158.31
 12 1990    0.0539   1.9837   0.3238  21.7187  29.2860  109.4637  -156.94
 12 1991    0.0177   1.8616   0.3083  21.6155  29.0089  110.0686  -159.85
 12 1992    0.0594   2.0690   0.3344  21.5613  29.2300  111.0036  -157.69
 12 1993    0.0154   1.9272   0.3165  21.4602  28.9252  111.6131  -160.78
 12 1994    0.0426   1.9815   0.3213  21.3826  28.9339  112.3779  -160.79
 12 1995    0.0164   2.0079   0.3270  21.3110  28.8682  113.1799  -161.53
 12 1996    0.0236   1.9108   0.3112  21.2115  28.6630  113.7856  -163.57
 12 1997    0.0480   2.0207   0.3249  21.1461  28.7456  114.6190  -162.92
 12 1998    0.0185   2.1021   0.3390  21.0896  28.7550  115.5095  -162.96
 12 1999    0.0243   2.0741   0.3333  21.0097  28.6473  116.2364  -164.04
 12 2000    0.0546   2.1996   0.3483  20.9548  28.7632  117.1293  -163.13
 12 2001    0.0194   2.2887   0.3636  20.9097  28.7873  118.0875  -163.04
 12 2002    0.0592   2.4106   0.3764  20.8625  28.9146  119.0275  -162.08
 12 2003    0.0455   2.4383   0.3804  20.8096  28.8797  119.9251  -162.49
 12 2004    0.0166   2.4375   0.3814  20.7572  28.7986  120.8245  -163.28
 12 2005    0.0177   2.2843   0.3574  20.6704  28.5358  121.4837  -165.57
 12 2006    0.0549   2.3509   0.3634  20.6147  28.5898  122.3503  -165.23
 12 2007    0.0180   2.3873   0.3718  20.5682  28.5512  123.2783  -165.65
 12 2008    0.0198   2.2597   0.3521  20.4855  28.3230  123.9542  -167.62
 12 2009    0.0502   2.3356   0.3605  20.4330  28.3851  124.8320  -167.20
 12 2010    0.0193   2.3835   0.3701  20.3887  28.3676  125.7639  -167.43
 12 2011    0.0223   2.2741   0.3531  20.3106  28.1659  126.4604  -169.15
 12 2012    0.0556   2.4300   0.3730  20.2752  28.3397  127.4454  -167.81
 12 2013    0.0276   2.5515   0.3929  20.2498  28.4277  128.4970  -167.19
 12 2014    0.0515   2.6675   0.4066  20.2204  28.5520  129.5191  -166.28
 12 2015    0.0773   2.7803   0.4194  20.1942  28.6770  130.5610  -165.37
 12 2016    0.0193   2.8056   0.4270  20.1701  28.6278  131.6170  -165.81
 12 2017    0.0151   2.5965   0.3950  20.0932  28.3058  132.3094  -168.35
 12 2018    0.0602   2.6959   0.4051  20.0605  28.4276  133.2990  -167.46
 12 2019    0.0236   2.7605   0.4175  20.0384  28.4459  134.3607  -167.37
 12 2020    0.0418   2.7739   0.4169  20.0004  28.4389  135.3112  -167.45
 12 2021    0.3833   3.4173   0.4775  20.0371  29.5210  136.7699  -159.55
 12 2022    0.0046   2.9924   0.4501  19.9886  28.6416  137.6494  -165.96
 12 2023    0.0017   2.6347   0.3962  19.8924  28.1309  138.1980  -169.87
 12 2024    0.0634   2.7851   0.4131  19.8710  28.3385  139.2533  -168.30
 12 2025    0.0231   2.8759   0.4302  19.8602  28.3953  140.3811  -167.89
 12 2026    0.0258   2.7393   0.4093  19.8015  28.1818  141.1792  -169.52
 12 2027    0.0650   2.8711   0.4252  19.7839  28.3511  142.2550  -168.25
 12 2028    0.0245   2.9537   0.4408  19.7757  28.4006  143.3951  -167.89
 12 2029    0.0358   2.8799   0.4280  19.7319  28.2815  144.2896  -168.79
 12 2030    0.0622   2.9975   0.4427  19.7197  28.4280  145.3983  -167.70
 12 2031    0.0257   3.0741   0.4566  19.7156  28.4779  146.5629  -167.34
 12 2032    0.0369   2.9882   0.4419  19.6749  28.3477  147.4759  -168.31
 12 2033    0.0637   3.0988   0.4553  19.6664  28.4901  148.6060  -167.24
 12 2034    0.0263   3.1647   0.4678  19.6650  28.5296  149.7857  -166.94
 12 2035    0.0243   2.9945   0.4418  19.6142  28.2807  150.6261  -168.78
 12 2036    0.0589   3.0697   0.4496  19.5988  28.3829  151.7060  -168.01
 12 2037    0.0243   3.1015   0.4573  19.5895  28.3785  152.8272  -168.03
 12 2038    0.0244   2.9247   0.4307  19.5350  28.1207  153.6374  -169.93
 12 2039    0.0584   3.0328   0.4439  19.5237  28.2647  154.7404  -168.85
 12 2040    0.0259   3.0999   0.4567  19.5201  28.3085  155.8966  -168.51
 12 2041    0.0228   2.9151   0.4293  19.4649  28.0380  156.6981  -170.52
 12 2042    0.0623   2.9947   0.4378  19.4472  28.1480  157.7530  -169.67
 12 2043    0.0225   3.0318   0.4471  19.4377  28.1450  158.8641  -169.66
 12 2044    0.0397   2.9847   0.4383  19.4041  28.0728  159.8085  -170.18
 12 2045    0.0623   3.0911   0.4520  19.3971  28.2084  160.9328  -169.15
 12 2046    0.0265   3.1580   0.4648  19.3973  28.2525  162.1074  -168.81
 12 2047    0.0373   3.0682   0.4498  19.3619  28.1232  163.0370  -169.75
 12 2048    0.0615   3.1677   0.4621  19.3574  28.2546  164.1759  -168.75
 12 2049    0.0260   3.2266   0.4736  19.3597  28.2917  165.3625  -168.45
