MON   YR       DPM      RPM      BIO      HUM    TOTAL       CO2     D14C
 12 1850    0.0020  10.2122   1.0544  42.7858  59.2602    2.7566   -98.08
 12 1851    0.1914   9.1536   0.9942  42.6604  58.2055    5.2800   -99.84
 12 1852    0.0531   7.8684   0.9067  42.4809  56.5150    7.4228  -102.80
 12 1853    0.0438   6.7746   0.8153  42.2587  55.0983    9.2583  -105.43
 12 1854    0.0591   5.8724   0.7357  42.0150  53.8881   10.9285  -107.77
 12 1855    0.0493   5.0960   0.6663  41.7538  52.7713   12.4600  -110.02
 12 1856    0.0441   4.4489   0.6068  41.4790  51.7846   13.8766  -112.09
 12 1857    0.0462   3.8895   0.5526  41.1889  50.8831   15.1663  -114.05
 12 1858    0.0539   3.4266   0.5068  40.8898  50.0829   16.3717  -115.84
 12 1859    0.0497   3.0371   0.4687  40.5850  49.3463   17.5145  -117.54
 12 1860    0.0496   2.7241   0.4379  40.2769  48.6943   18.6098  -119.09
 12 1861    0.0465   2.4263   0.4066  39.9587  48.0441   19.6124  -120.68
 12 1862    0.0416   2.1892   0.3823  39.6401  47.4591   20.5862  -122.14
 12 1863    0.0411   1.9970   0.3623  39.3201  46.9264   21.5258  -123.50
 12 1864    0.0403   1.8165   0.3424  38.9957  46.4008   22.4092  -124.87
 12 1865    0.0426   1.6615   0.3247  38.6693  45.9041   23.2539  -126.19
 12 1866    0.0423   1.5414   0.3114  38.3450  45.4461   24.0867  -127.44
 12 1867    0.0404   1.4327   0.2991  38.0201  44.9982   24.8894  -128.68
 12 1868    0.0441   1.3345   0.2870  37.6938  44.5653   25.6578  -129.90
 12 1869    0.0384   1.2550   0.2781  37.3706  44.1480   26.4206  -131.10
 12 1870    0.0372   1.1719   0.2677  37.0452  43.7279   27.1433  -132.33
 12 1871    0.0417   1.1175   0.2606  36.7233  43.3490   27.8646  -133.46
 12 1872    0.0412   1.0766   0.2556  36.4050  42.9844   28.5848  -134.56
 12 1873    0.0444   1.0406   0.2506  36.0882  42.6296   29.2896  -135.65
 12 1874    0.0326   0.9893   0.2445  35.7717  42.2441   29.9724  -136.85
 12 1875    0.0310   0.9358   0.2370  35.4543  41.8640   30.6232  -138.07
 12 1876    0.0289   0.8994   0.2319  35.1405  41.5066   31.2740  -139.22
 12 1877    0.0396   0.8957   0.2303  34.8325  41.2039   31.9392  -140.22
 12 1878    0.0468   0.9119   0.2318  34.5313  40.9276   32.6276  -141.14
 12 1879    0.0448   0.9164   0.2321  34.2330  40.6322   33.3116  -142.13
 12 1880    0.0409   0.9221   0.2327  33.9384  40.3400   33.9973  -143.13
 12 1881    0.0305   0.8999   0.2296  33.6429  40.0088   34.6537  -144.27
 12 1882    0.0422   0.8959   0.2270  33.3498  39.7208   35.3027  -145.29
 12 1883    0.0330   0.8726   0.2237  33.0584  39.3936   35.9409  -146.45
 12 1884    0.0303   0.8618   0.2216  32.7703  39.0899   36.5787  -147.55
 12 1885    0.0346   0.8435   0.2177  32.4822  38.7839   37.1933  -148.68
 12 1886    0.0335   0.8230   0.2141  32.1963  38.4727   37.7999  -149.84
 12 1887    0.0386   0.8231   0.2129  31.9152  38.1958   38.4178  -150.89
 12 1888    0.0331   0.8149   0.2115  31.6368  37.9022   39.0311  -152.02
 12 1889    0.0311   0.7892   0.2071  31.3570  37.5903   39.6131  -153.24
 12 1890    0.0325   0.7858   0.2058  31.0825  37.3126   40.2094  -154.34
 12 1891    0.0301   0.7829   0.2049  30.8111  37.0348   40.8054  -155.46
 12 1892    0.0287   0.7673   0.2020  30.5398  36.7436   41.3808  -156.65
 12 1893    0.0324   0.7583   0.1995  30.2711  36.4672   41.9517  -157.79
 12 1894    0.0329   0.7563   0.1985  30.0061  36.1996   42.5275  -158.91
 12 1895    0.0308   0.7462   0.1964  29.7425  35.9220   43.0921  -160.10
 12 1896    0.0321   0.7330   0.1936  29.4801  35.6447   43.6434  -161.30
 12 1897    0.0285   0.7189   0.1911  29.2200  35.3645   44.1904  -162.53
 12 1898    0.0293   0.6995   0.1875  28.9603  35.0825   44.7189  -163.79
 12 1899    0.0299   0.6906   0.1855  28.7041  34.8159   45.2515  -164.99
 12 1900    0.0124   0.7131   0.1894  28.5188  34.6397   45.7155  -165.84
 12 1901    0.0127   0.7328   0.1911  28.3332  34.4758   46.1665  -166.63
 12 1902    0.0109   0.7425   0.1916  28.1483  34.2991   46.6107  -167.49
 12 1903    0.0112   0.7502   0.1916  27.9646  34.1234   47.0519  -168.35
 12 1904    0.0107   0.7634   0.1926  27.7838  33.9564   47.5023  -169.17
 12 1905    0.0114   0.7733   0.1930  27.6041  33.7877   47.9494  -170.06
 12 1906    0.0133   0.7947   0.1950  27.4283  33.6371   48.4118  -170.86
 12 1907    0.0120   0.8024   0.1953  27.2524  33.4680   48.8634  -171.75
 12 1908    0.0116   0.8148   0.1963  27.0791  33.3076   49.3218  -172.61
 12 1909    0.0097   0.8111   0.1950  26.9047  33.1264   49.7627  -173.56
 12 1910    0.0117   0.8143   0.1945  26.7323  32.9587   50.2065  -174.46
 12 1911    0.0101   0.8072   0.1928  26.5598  32.7758   50.6395  -175.44
 12 1912    0.0099   0.8090   0.1924  26.3900  32.6072   51.0801  -176.35
 12 1913    0.0107   0.8043   0.1909  26.2201  32.4319   51.5096  -177.30
 12 1914    0.0103   0.7967   0.1892  26.0508  32.2529   51.9337  -178.28
 12 1915    0.0120   0.8038   0.1895  25.8851  32.0964   52.3719  -179.21
 12 1916    0.0105   0.8031   0.1890  25.7199  31.9284   52.8034  -180.18
 12 1917    0.0096   0.7883   0.1863  25.5532  31.7434   53.2143  -181.25
 12 1918    0.0107   0.7923   0.1863  25.3905  31.5857   53.6431  -182.18
 12 1919    0.0100   0.7962   0.1864  25.2294  31.4279   54.0731  -183.12
 12 1920    0.0100   0.7928   0.1853  25.0683  31.2623   54.4929  -184.06
 12 1921    0.0110   0.7933   0.1848  24.9088  31.1038   54.9143  -184.98
 12 1922    0.0110   0.7973   0.1848  24.7514  30.9504   55.3402  -185.88
 12 1923    0.0107   0.7968   0.1842  24.5945  30.7922   55.7605  -186.81
 12 1924    0.0108   0.7909   0.1828  24.4377  30.6281   56.1715  -187.79
 12 1925    0.0098   0.7837   0.1813  24.2818  30.4626   56.5792  -188.84
 12 1926    0.0101   0.7729   0.1792  24.1259  30.2940   56.9773  -189.91
 12 1927    0.0103   0.7690   0.1782  23.9720  30.1354   57.3806  -190.94
 12 1928    0.0114   0.7763   0.1787  23.8213  29.9937   57.7956  -191.88
 12 1929    0.0117   0.7795   0.1787  23.6713  29.8471   58.2064  -192.85
 12 1930    0.0096   0.7709   0.1771  23.5206  29.6841   58.6038  -193.81
 12 1931    0.0098   0.7627   0.1754  23.3705  29.5244   58.9961  -194.77
 12 1932    0.0095   0.7613   0.1748  23.2227  29.3742   59.3948  -195.69
 12 1933    0.0101   0.7603   0.1742  23.0758  29.2263   59.7913  -196.60
 12 1934    0.0117   0.7692   0.1749  22.9318  29.0935   60.1985  -197.44
 12 1935    0.0105   0.7667   0.1742  22.7875  28.9448   60.5945  -198.45
 12 1936    0.0103   0.7708   0.1743  22.6453  28.8066   60.9967  -199.41
 12 1937    0.0090   0.7639   0.1729  22.5024  28.6542   61.3856  -200.46
 12 1938    0.0104   0.7617   0.1720  22.3609  28.5108   61.7750  -201.46
 12 1939    0.0092   0.7527   0.1703  22.2194  28.3574   62.1560  -202.53
 12 1940    0.0091   0.7519   0.1698  22.0801  28.2167   62.5436  -203.53
 12 1941    0.0098   0.7462   0.1684  21.9407  28.0710   62.9220  -204.56
 12 1942    0.0094   0.7376   0.1668  21.8017  27.9214   63.2951  -205.64
 12 1943    0.0110   0.7430   0.1671  21.6659  27.7929   63.6813  -206.58
 12 1944    0.0098   0.7424   0.1667  21.5305  27.6553   64.0625  -207.59
 12 1945    0.0089   0.7286   0.1643  21.3936  27.5013   64.4248  -208.82
 12 1946    0.0100   0.7328   0.1645  21.2604  27.3736   64.8044  -209.88
 12 1947    0.0094   0.7368   0.1647  21.1286  27.2454   65.1855  -210.95
 12 1948    0.0094   0.7350   0.1640  20.9968  27.1111   65.5585  -212.05
 12 1949    0.0103   0.7366   0.1637  20.8664  26.9830   65.9334  -213.12
 12 1950    0.0132   0.7417   0.1638  20.7373  26.8620   66.3091  -214.07
 12 1951    0.0112   0.7512   0.1650  20.6111  26.7444   66.6966  -215.00
 12 1952    0.0180   0.7957   0.1704  20.4916  26.6816   67.1228  -215.58
 12 1953    0.0102   0.7990   0.1710  20.3691  26.5552   67.5211  -216.58
 12 1954    0.0177   0.8326   0.1746  20.2513  26.4821   67.9445  -217.19
 12 1955    0.0119   0.8411   0.1757  20.1329  26.3675   68.3567  -217.99
 12 1956    0.0157   0.8714   0.1791  20.0187  26.2908   68.7901  -218.32
 12 1957    0.0115   0.8678   0.1782  19.9011  26.1645   69.1940  -218.80
 12 1958    0.0174   0.8835   0.1793  19.7866  26.0727   69.6111  -218.46
 12 1959    0.0113   0.8746   0.1779  19.6706  25.9402   70.0113  -218.31
 12 1960    0.0166   0.8992   0.1804  19.5599  25.8620   70.4414  -217.68
 12 1961    0.0117   0.8914   0.1791  19.4464  25.7345   70.8448  -217.63
 12 1962    0.0200   0.9343   0.1841  19.3413  25.6856   71.2993  -215.44
 12 1963    0.0101   0.9183   0.1820  19.2299  25.5462   71.7047  -212.14
 12 1964    0.0189   0.9481   0.1850  19.1251  25.4829   72.1477  -206.09
 12 1965    0.0098   0.9181   0.1808  19.0131  25.3277   72.5360  -205.44
 12 1966    0.0198   0.9540   0.1846  18.9109  25.2752   72.9839  -201.48
 12 1967    0.0107   0.9346   0.1821  18.8029  25.1362   73.3864  -201.35
 12 1968    0.0204   0.9631   0.1849  18.7015  25.0759   73.8274  -199.10
 12 1969    0.0108   0.9458   0.1827  18.5960  24.9412   74.2339  -199.63
 12 1970    0.0189   0.9651   0.1844  18.4951  24.8694   74.6661  -198.67
 12 1971    0.0141   0.9701   0.1851  18.3949  24.7701   75.0967  -198.65
 12 1972    0.0248   1.0310   0.1926  18.3042  24.7584   75.5863  -196.52
 12 1973    0.0134   1.0202   0.1914  18.2059  24.6369   76.0189  -197.46
 12 1974    0.0209   1.0564   0.1954  18.1146  24.5931   76.4926  -196.55
 12 1975    0.0128   1.0414   0.1933  18.0177  24.4711   76.9233  -197.63
 12 1976    0.0202   1.0836   0.1982  17.9300  24.4379   77.4104  -196.74
 12 1977    0.0145   1.0815   0.1978  17.8379  24.3376   77.8625  -197.63
 12 1978    0.0254   1.1361   0.2042  17.7549  24.3265   78.3715  -196.72
 12 1979    0.0140   1.1199   0.2022  17.6643  24.2063   78.8234  -198.22
 12 1980    0.0241   1.1668   0.2075  17.5830  24.1873   79.3331  -197.77
 12 1981    0.0128   1.1448   0.2046  17.4939  24.0620   79.7850  -199.49
 12 1982    0.0261   1.2022   0.2112  17.4165  24.0620   80.3116  -198.91
 12 1983    0.0150   1.1917   0.2100  17.3324  23.9550   80.7872  -200.36
 12 1984    0.0233   1.2460   0.2167  17.2584  23.9503   81.3275  -200.05
 12 1985    0.0143   1.2192   0.2128  17.1739  23.8262   81.7910  -201.83
 12 1986    0.0257   1.2537   0.2162  17.0979  23.7995   82.3073  -202.02
 12 1987    0.0154   1.2235   0.2122  17.0143  23.6713   82.7678  -203.88
 12 1988    0.0247   1.2731   0.2182  16.9430  23.6648   83.3066  -203.83
 12 1989    0.0328   1.2473   0.2130  16.8591  23.5581   83.7555  -205.36
 12 1990    0.0012   1.0981   0.1937  16.7569  23.2557   84.0735  -209.90
 12 1991    0.0801   1.4854   0.2435  16.7377  23.7525   84.9544  -202.46
 12 1992    0.0611   1.8570   0.2987  16.7460  24.1687   86.0228  -196.65
 12 1993    0.0097   1.6918   0.2764  16.6696  23.8534   86.5118  -200.95
 12 1994    0.0683   1.9630   0.3089  16.6574  24.2036   87.4352  -196.34
 12 1995    0.0496   2.2003   0.3432  16.6609  24.4599   88.4661  -193.15
 12 1996    0.0189   2.0494   0.3208  16.5999  24.1950   89.0554  -196.55
 12 1997    0.0661   2.3618   0.3605  16.6133  24.6075   90.1506  -191.64
 12 1998    0.0503   2.6134   0.3962  16.6372  24.9030   91.3186  -188.34
 12 1999    0.0971   2.5519   0.3791  16.5999  24.8339   92.0682  -189.27
 12 2000    0.0752   2.7409   0.4074  16.6168  25.0461   93.1873  -187.07
 12 2001    0.0525   2.9843   0.4426  16.6561  25.3415   94.4622  -184.06
 12 2002    0.1922   3.0491   0.4350  16.6452  25.5274   95.3935  -182.32
 12 2003    0.0785   3.2061   0.4675  16.6872  25.6452   96.6878  -181.33
 12 2004    0.0453   3.3866   0.4942  16.7349  25.8669   98.0239  -179.32
 12 2005    0.0185   3.2006   0.4660  16.7173  25.6084   98.9155  -182.08
 12 2006    0.1214   3.6255   0.5172  16.7906  26.2606  100.4280  -175.99
 12 2007    0.0444   3.9528   0.5698  16.8903  26.6632  102.1274  -172.53
 12 2008    0.1725   3.7493   0.5226  16.8697  26.5199  103.0070  -174.03
 12 2009    0.0216   3.4220   0.4878  16.8517  25.9890  103.9035  -179.11
 12 2010    0.0263   3.2229   0.4577  16.8272  25.7401  104.7542  -181.65
 12 2011    0.2337   3.1886   0.4323  16.7980  25.8586  105.5711  -180.74
 12 2012    0.0967   3.5522   0.5017  16.8871  26.2437  107.1979  -177.41
 12 2013    0.0665   3.8984   0.5546  16.9790  26.7043  108.8490  -173.55
 12 2014    0.3158   3.9119   0.5287  16.9801  26.9424  109.8830  -171.69
 12 2015    0.0910   3.9576   0.5573  17.0468  26.8585  111.3667  -172.56
 12 2016    0.0538   4.0219   0.5685  17.1005  26.9507  112.7665  -171.96
 12 2017    0.0920   3.7165   0.5177  17.0733  26.6054  113.6137  -175.03
 12 2018    0.0879   3.8877   0.5439  17.1301  26.8555  115.0349  -173.07
 12 2019    0.0629   4.0834   0.5745  17.2044  27.1311  116.5800  -170.95
 12 2020    0.3201   4.1137   0.5514  17.2131  27.4043  117.6796  -168.86
 12 2021    0.5191   4.5164   0.5907  17.2953  28.1274  119.2833  -163.38
 12 2022    0.0329   4.0546   0.5700  17.3181  27.1814  120.4860  -170.87
 12 2023    0.0043   3.5585   0.4989  17.2633  26.5309  121.1572  -176.34
 12 2024    0.0554   3.4937   0.4863  17.2602  26.5015  122.1791  -176.68
 12 2025    0.0551   3.5374   0.4946  17.2834  26.5763  123.3817  -176.15
 12 2026    0.2602   3.5313   0.4740  17.2690  26.7404  124.3276  -174.86
 12 2027    0.0536   3.4764   0.4886  17.2972  26.5217  125.5654  -176.77
 12 2028    0.0419   3.4384   0.4849  17.3051  26.4763  126.6652  -177.21
 12 2029    0.2827   3.4687   0.4658  17.2888  26.7119  127.5992  -175.33
 12 2030    0.0736   3.5246   0.4967  17.3348  26.6356  128.9605  -176.02
 12 2031    0.0537   3.6178   0.5124  17.3712  26.7610  130.2583  -175.06
 12 2032    0.1682   3.4869   0.4811  17.3479  26.6900  131.1480  -175.70
 12 2033    0.0715   3.5502   0.5011  17.3830  26.7118  132.4378  -175.56
 12 2034    0.0554   3.6290   0.5141  17.4169  26.8213  133.7211  -174.70
 12 2035    0.1798   3.4838   0.4795  17.3897  26.7388  134.5878  -175.42
 12 2036    0.0477   3.3910   0.4799  17.3991  26.5236  135.7032  -177.22
 12 2037    0.0490   3.3673   0.4769  17.4034  26.5025  136.7846  -177.42
 12 2038    0.1477   3.2413   0.4489  17.3720  26.4158  137.6213  -178.16
 12 2039    0.0673   3.2840   0.4650  17.3905  26.4126  138.7981  -178.22
 12 2040    0.0548   3.3816   0.4811  17.4159  26.5393  140.0235  -177.20
 12 2041    0.2406   3.3851   0.4627  17.3984  26.6926  140.9560  -175.96
 12 2042    0.0671   3.4399   0.4890  17.4362  26.6381  142.2675  -176.42
 12 2043    0.0548   3.5244   0.5022  17.4655  26.7529  143.5229  -175.50
 12 2044    0.2827   3.5435   0.4811  17.4511  26.9644  144.4794  -173.81
 12 2045    0.0673   3.5515   0.5044  17.4908  26.8198  145.8071  -174.99
 12 2046    0.0496   3.5982   0.5123  17.5180  26.8840  147.0514  -174.50
 12 2047    0.1338   3.3892   0.4720  17.4822  26.6831  147.8642  -176.12
 12 2048    0.0844   3.5170   0.4969  17.5186  26.8228  149.1705  -175.01
 12 2049    0.0601   3.6848   0.5237  17.5685  27.0429  150.5725  -173.26
 12 2050    0.2873   3.6732   0.4978  17.5543  27.2184  151.5366  -171.89
 12 2051    0.0687   3.6631   0.5186  17.5954  27.0517  152.8802  -173.20
 12 2052    0.0601   3.7219   0.5274  17.6273  27.1426  154.1629  -172.48
 12 2053    0.2356   3.6407   0.4968  17.6076  27.1866  155.0930  -172.14
 12 2054    0.0473   3.5118   0.4973  17.6210  26.8834  156.2497  -174.52
 12 2055    0.0514   3.4954   0.4947  17.6300  26.8774  157.3766  -174.57
 12 2056    0.1730   3.3819   0.4659  17.6023  26.8289  158.2525  -174.94
 12 2057    0.0658   3.4649   0.4903  17.6368  26.8637  159.5530  -174.66
 12 2058    0.0579   3.5565   0.5047  17.6663  26.9914  160.8222  -173.63
 12 2059    0.1856   3.4436   0.4748  17.6398  26.9496  161.7079  -173.95
 12 2060    0.0669   3.4582   0.4898  17.6642  26.8851  162.9416  -174.48
 12 2061    0.0564   3.5225   0.5004  17.6883  26.9734  164.1750  -173.78
 12 2062    0.1995   3.4086   0.4687  17.6580  26.9407  165.0364  -174.05
 12 2063    0.0721   3.4760   0.4926  17.6917  26.9383  166.3350  -174.07
 12 2064    0.0552   3.5756   0.5088  17.7244  27.0698  167.6288  -173.03
 12 2065    0.1948   3.4660   0.4778  17.6971  27.0417  168.5130  -173.25
 12 2066    0.0636   3.4622   0.4913  17.7198  26.9428  169.7384  -174.03
 12 2067    0.0559   3.5259   0.5014  17.7430  27.0321  170.9694  -173.32
 12 2068    0.2053   3.4330   0.4721  17.7156  27.0319  171.8533  -173.32
 12 2069    0.0738   3.4996   0.4962  17.7501  27.0256  173.1609  -173.37
 12 2070    0.0630   3.6255   0.5156  17.7871  27.1970  174.4879  -172.02
 12 2071    0.1516   3.4548   0.4805  17.7568  27.0496  175.3551  -173.17
 12 2072    0.0618   3.4526   0.4899  17.7745  26.9847  176.5501  -173.67
 12 2073    0.0483   3.4683   0.4936  17.7885  27.0046  177.7211  -173.51
 12 2074    0.1567   3.2887   0.4560  17.7473  26.8546  178.5136  -174.69
 12 2075    0.0522   3.2139   0.4569  17.7454  26.6743  179.5735  -176.12
 12 2076    0.0489   3.2215   0.4592  17.7463  26.6819  180.6528  -176.05
 12 2077    0.2011   3.1504   0.4338  17.7101  26.7014  181.4770  -175.89
 12 2078    0.0800   3.2870   0.4679  17.7449  26.7857  182.7862  -175.20
 12 2079    0.0547   3.4227   0.4903  17.7772  26.9509  184.0807  -173.88
 12 2080    0.1828   3.2959   0.4577  17.7418  26.8842  184.9125  -174.40
 12 2081    0.0386   3.1307   0.4484  17.7282  26.5518  185.8920  -177.06
 12 2082    0.0461   3.0362   0.4344  17.7042  26.4268  186.7989  -178.07
 12 2083    0.1658   2.9111   0.4047  17.6544  26.3419  187.5279  -178.76
 12 2084    0.0622   2.9341   0.4206  17.6557  26.2785  188.6040  -179.27
 12 2085    0.0521   3.0192   0.4350  17.6615  26.3736  189.7108  -178.48
 12 2086    0.1869   2.9712   0.4144  17.6240  26.4024  190.5210  -178.23
 12 2087    0.0782   3.1081   0.4467  17.6504  26.4894  191.7680  -177.50
 12 2088    0.0511   3.2435   0.4689  17.6764  26.6458  193.0132  -176.22
 12 2089    0.1750   3.1360   0.4394  17.6385  26.5947  193.8217  -176.63
 12 2090    0.0593   3.1402   0.4519  17.6479  26.5053  194.9530  -177.35
 12 2091    0.0462   3.1585   0.4555  17.6503  26.5164  196.0367  -177.25
 12 2092    0.0776   2.9510   0.4213  17.6024  26.2583  196.7750  -179.36
 12 2093    0.0640   3.0403   0.4368  17.6093  26.3563  197.8859  -178.54
 12 2094    0.0370   3.0781   0.4451  17.6138  26.3799  198.9816  -178.33
 12 2095    0.1172   2.8861   0.4084  17.5593  26.1769  199.6730  -180.01
 12 2096    0.0579   2.8761   0.4142  17.5490  26.1032  200.6637  -180.62
 12 2097    0.0490   2.9272   0.4232  17.5465  26.1518  201.7072  -180.20
 12 2098    0.1824   2.8713   0.4016  17.5048  26.1660  202.4816  -180.07
 12 2099    0.0344   2.7632   0.4016  17.4866  25.8917  203.4153  -182.38
