MON   YR       DPM      RPM      BIO      HUM    TOTAL       CO2     D14C
 12 1850    0.0020  10.2122   1.0544  42.7858  59.2602    2.7566   -98.08
 12 1851    0.1384   8.9954   0.9760  42.6378  57.9536    5.1253  -100.27
 12 1852    0.0381   7.6857   0.8817  42.4414  56.2528    7.1502  -103.28
 12 1853    0.0311   6.5741   0.7882  42.2064  54.8057    8.8948  -105.99
 12 1854    0.0426   5.6531   0.7069  41.9497  53.5581   10.4718  -108.43
 12 1855    0.0349   4.8641   0.6359  41.6751  52.4158   11.9060  -110.77
 12 1856    0.0309   4.2044   0.5748  41.3864  51.4024   13.2210  -112.92
 12 1857    0.0331   3.6412   0.5205  41.0836  50.4843   14.4169  -114.95
 12 1858    0.0382   3.1717   0.4742  40.7717  49.6617   15.5261  -116.82
 12 1859    0.0357   2.7778   0.4355  40.4537  48.9087   16.5690  -118.59
 12 1860    0.0350   2.4553   0.4035  40.1316  48.2313   17.5582  -120.23
 12 1861    0.0327   2.1595   0.3727  39.8012  47.5719   18.4647  -121.87
 12 1862    0.0300   1.9226   0.3483  39.4699  46.9766   19.3391  -123.38
 12 1863    0.0294   1.7278   0.3279  39.1372  46.4281   20.1776  -124.81
 12 1864    0.0288   1.5502   0.3085  38.8009  45.8942   20.9655  -126.23
 12 1865    0.0307   1.3997   0.2915  38.4634  45.3912   21.7184  -127.60
 12 1866    0.0305   1.2804   0.2783  38.1276  44.9227   22.4559  -128.90
 12 1867    0.0290   1.1738   0.2662  37.7914  44.4664   23.1649  -130.19
 12 1868    0.0314   1.0788   0.2547  37.4547  44.0255   23.8433  -131.47
 12 1869    0.0274   1.0010   0.2458  37.1206  43.6006   24.5123  -132.72
 12 1870    0.0261   0.9229   0.2361  36.7853  43.1763   25.1475  -133.99
 12 1871    0.0296   0.8693   0.2291  36.4533  42.7871   25.7784  -135.18
 12 1872    0.0298   0.8294   0.2241  36.1248  42.4140   26.4073  -136.33
 12 1873    0.0321   0.7944   0.2193  35.7981  42.0497   27.0224  -137.48
 12 1874    0.0230   0.7484   0.2137  35.4723  41.6632   27.6181  -138.72
 12 1875    0.0220   0.7024   0.2071  35.1465  41.2839   28.1880  -139.96
 12 1876    0.0204   0.6695   0.2024  34.8241  40.9223   28.7553  -141.16
 12 1877    0.0283   0.6622   0.2004  34.5068  40.6036   29.3321  -142.24
 12 1878    0.0338   0.6708   0.2008  34.1954  40.3068   29.9247  -143.25
 12 1879    0.0325   0.6717   0.2006  33.8871  39.9978   30.5133  -144.33
 12 1880    0.0296   0.6736   0.2005  33.5823  39.6918   31.1016  -145.40
 12 1881    0.0215   0.6536   0.1975  33.2774  39.3559   31.6652  -146.60
 12 1882    0.0305   0.6491   0.1951  32.9752  39.0558   32.2235  -147.69
 12 1883    0.0232   0.6292   0.1921  32.6750  38.7253   32.7713  -148.91
 12 1884    0.0215   0.6191   0.1900  32.3780  38.4144   33.3173  -150.07
 12 1885    0.0251   0.6056   0.1868  32.0820  38.1054   33.8470  -151.25
 12 1886    0.0235   0.5885   0.1837  31.7882  37.7899   34.3685  -152.47
 12 1887    0.0280   0.5887   0.1825  31.4991  37.5041   34.8982  -153.59
 12 1888    0.0235   0.5814   0.1811  31.2125  37.2043   35.4228  -154.78
 12 1889    0.0220   0.5617   0.1775  30.9257  36.8927   35.9235  -156.04
 12 1890    0.0238   0.5605   0.1764  30.6439  36.6105   36.4356  -157.20
 12 1891    0.0216   0.5578   0.1754  30.3651  36.3258   36.9457  -158.39
 12 1892    0.0206   0.5461   0.1730  30.0871  36.0327   37.4399  -159.63
 12 1893    0.0236   0.5409   0.1711  29.8120  35.7534   37.9316  -160.83
 12 1894    0.0239   0.5403   0.1702  29.5405  35.4808   38.4263  -162.02
 12 1895    0.0222   0.5329   0.1684  29.2707  35.2001   38.9113  -163.26
 12 1896    0.0230   0.5233   0.1661  29.0025  34.9208   39.3858  -164.52
 12 1897    0.0203   0.5119   0.1639  28.7366  34.6386   39.8551  -165.81
 12 1898    0.0206   0.4968   0.1608  28.4717  34.3558   40.3099  -167.12
 12 1899    0.0212   0.4898   0.1590  28.2102  34.0862   40.7670  -168.39
 12 1900    0.0090   0.5072   0.1617  28.0186  33.9024   41.1583  -169.30
 12 1901    0.0092   0.5217   0.1627  27.8273  33.7268   41.5395  -170.18
 12 1902    0.0078   0.5282   0.1627  27.6367  33.5413   41.9145  -171.11
 12 1903    0.0080   0.5331   0.1624  27.4474  33.3568   42.2864  -172.04
 12 1904    0.0077   0.5422   0.1628  27.2606  33.1793   42.6644  -172.96
 12 1905    0.0082   0.5495   0.1629  27.0752  33.0017   43.0403  -173.91
 12 1906    0.0096   0.5654   0.1643  26.8930  32.8382   43.4274  -174.80
 12 1907    0.0087   0.5716   0.1644  26.7113  32.6618   43.8065  -175.75
 12 1908    0.0084   0.5809   0.1649  26.5318  32.4918   44.1899  -176.68
 12 1909    0.0069   0.5775   0.1637  26.3518  32.3058   44.5590  -177.70
 12 1910    0.0084   0.5797   0.1631  26.1737  32.1308   44.9304  -178.67
 12 1911    0.0072   0.5740   0.1616  25.9959  31.9446   45.2929  -179.70
 12 1912    0.0070   0.5747   0.1611  25.8204  31.7691   45.6603  -180.69
 12 1913    0.0078   0.5719   0.1599  25.6453  31.5908   46.0205  -181.70
 12 1914    0.0073   0.5655   0.1584  25.4710  31.4081   46.3750  -182.74
 12 1915    0.0087   0.5712   0.1585  25.2998  31.2441   46.7405  -183.73
 12 1916    0.0074   0.5698   0.1578  25.1292  31.0701   47.0993  -184.78
 12 1917    0.0068   0.5588   0.1556  24.9579  30.8850   47.4432  -185.88
 12 1918    0.0078   0.5628   0.1556  24.7901  30.7222   47.8012  -186.88
 12 1919    0.0072   0.5653   0.1555  24.6237  30.5577   48.1587  -187.89
 12 1920    0.0072   0.5628   0.1545  24.4577  30.3881   48.5083  -188.91
 12 1921    0.0080   0.5643   0.1541  24.2935  30.2258   48.8602  -189.90
 12 1922    0.0080   0.5679   0.1541  24.1311  30.0670   49.2149  -190.88
 12 1923    0.0077   0.5677   0.1535  23.9694  29.9043   49.5645  -191.89
 12 1924    0.0078   0.5635   0.1523  23.8081  29.7376   49.9072  -192.93
 12 1925    0.0069   0.5570   0.1509  23.6476  29.5684   50.2453  -194.05
 12 1926    0.0071   0.5485   0.1491  23.4875  29.3981   50.5763  -195.18
 12 1927    0.0073   0.5452   0.1482  23.3293  29.2359   50.9110  -196.26
 12 1928    0.0083   0.5516   0.1485  23.1739  29.0882   51.2554  -197.28
 12 1929    0.0084   0.5543   0.1484  23.0194  28.9365   51.5961  -198.32
 12 1930    0.0069   0.5481   0.1471  22.8646  28.7727   51.9263  -199.36
 12 1931    0.0070   0.5419   0.1457  22.7107  28.6112   52.2522  -200.41
 12 1932    0.0068   0.5409   0.1451  22.5587  28.4573   52.5824  -201.42
 12 1933    0.0072   0.5403   0.1445  22.4078  28.3057   52.9111  -202.44
 12 1934    0.0084   0.5473   0.1449  22.2594  28.1660   53.2476  -203.38
 12 1935    0.0076   0.5461   0.1443  22.1110  28.0149   53.5758  -204.47
 12 1936    0.0074   0.5494   0.1443  21.9647  27.8717   53.9082  -205.51
 12 1937    0.0064   0.5440   0.1431  21.8180  27.7174   54.2297  -206.63
 12 1938    0.0074   0.5421   0.1423  21.6726  27.5703   54.5513  -207.71
 12 1939    0.0066   0.5352   0.1408  21.5275  27.4161   54.8663  -208.85
 12 1940    0.0065   0.5342   0.1403  21.3843  27.2712   55.1855  -209.94
 12 1941    0.0071   0.5307   0.1392  21.2415  27.1244   55.4988  -211.04
 12 1942    0.0066   0.5238   0.1378  21.0992  26.9734   55.8067  -212.19
 12 1943    0.0080   0.5282   0.1379  20.9597  26.8397   56.1249  -213.23
 12 1944    0.0069   0.5269   0.1374  20.8206  26.6978   56.4377  -214.33
 12 1945    0.0063   0.5167   0.1355  20.6807  26.5452   56.7370  -215.60
 12 1946    0.0073   0.5207   0.1356  20.5441  26.4136   57.0499  -216.73
 12 1947    0.0068   0.5234   0.1356  20.4086  26.2802   57.3624  -217.87
 12 1948    0.0067   0.5220   0.1350  20.2734  26.1430   57.6688  -219.04
 12 1949    0.0075   0.5241   0.1348  20.1398  26.0121   57.9777  -220.17
 12 1950    0.0095   0.5284   0.1348  20.0074  25.8860   58.2867  -221.22
 12 1951    0.0081   0.5355   0.1355  19.8773  25.7623   58.6036  -222.26
 12 1952    0.0128   0.5672   0.1392  19.7522  25.6774   58.9474  -223.03
 12 1953    0.0073   0.5699   0.1396  19.6254  25.5481   59.2714  -224.13
 12 1954    0.0126   0.5934   0.1419  19.5021  25.4559   59.6122  -224.93
 12 1955    0.0086   0.5997   0.1426  19.3788  25.3356   59.9453  -225.87
 12 1956    0.0110   0.6200   0.1447  19.2585  25.2402   60.2915  -226.49
 12 1957    0.0083   0.6179   0.1440  19.1364  25.1125   60.6179  -227.19
 12 1958    0.0122   0.6275   0.1444  19.0164  25.0064   60.9515  -227.33
 12 1959    0.0081   0.6216   0.1433  18.8959  24.8748   61.2743  -227.57
 12 1960    0.0116   0.6375   0.1448  18.7792  24.7791   61.6161  -227.49
 12 1961    0.0084   0.6327   0.1438  18.6610  24.6518   61.9406  -227.80
 12 1962    0.0143   0.6640   0.1474  18.5492  24.5809   62.3018  -226.49
 12 1963    0.0073   0.6531   0.1458  18.4332  24.4454   62.6276  -224.38
 12 1964    0.0132   0.6730   0.1477  18.3219  24.3617   62.9778  -220.32
 12 1965    0.0070   0.6523   0.1446  18.2060  24.2159   63.2906  -220.17
 12 1966    0.0142   0.6786   0.1474  18.0974  24.1435   63.6462  -217.52
 12 1967    0.0077   0.6654   0.1455  17.9850  24.0095   63.9690  -217.76
 12 1968    0.0145   0.6853   0.1474  17.8774  23.9305   64.3181  -216.44
 12 1969    0.0078   0.6734   0.1457  17.7672  23.8001   64.6431  -217.19
 12 1970    0.0132   0.6853   0.1465  17.6603  23.7113   64.9836  -216.90
 12 1971    0.0101   0.6895   0.1470  17.5544  23.6070   65.3248  -217.21
 12 1972    0.0177   0.7336   0.1523  17.4557  23.5651   65.7083  -215.89
 12 1973    0.0097   0.7263   0.1514  17.3518  23.4451   66.0509  -216.94
 12 1974    0.0148   0.7512   0.1540  17.2528  23.3787   66.4210  -216.62
 12 1975    0.0092   0.7409   0.1524  17.1504  23.2589   66.7613  -217.78
 12 1976    0.0143   0.7699   0.1557  17.0545  23.2003   67.1401  -217.47
 12 1977    0.0105   0.7692   0.1554  16.9560  23.0969   67.4954  -218.47
 12 1978    0.0181   0.8082   0.1599  16.8642  23.0563   67.8907  -218.07
 12 1979    0.0101   0.7971   0.1584  16.7673  22.9388   68.2453  -219.56
 12 1980    0.0171   0.8305   0.1621  16.6771  22.8927   68.6404  -219.53
 12 1981    0.0091   0.8153   0.1600  16.5818  22.7721   68.9948  -221.18
 12 1982    0.0185   0.8553   0.1644  16.4949  22.7391   69.4006  -221.06
 12 1983    0.0107   0.8483   0.1635  16.4035  22.6320   69.7711  -222.50
 12 1984    0.0164   0.8859   0.1680  16.3194  22.5956   70.1858  -222.59
 12 1985    0.0103   0.8674   0.1652  16.2283  22.4772   70.5472  -224.29
 12 1986    0.0181   0.8902   0.1673  16.1431  22.4246   70.9435  -224.79
 12 1987    0.0110   0.8693   0.1644  16.0531  22.3037   71.3018  -226.56
 12 1988    0.0174   0.9026   0.1683  15.9716  22.2658   71.7130  -226.87
 12 1989    0.0109   0.8824   0.1654  15.8834  22.1480   72.0738  -228.60
 12 1990    0.0267   0.9592   0.1749  15.8107  22.1775   72.5349  -227.80
 12 1991    0.0083   0.9015   0.1675  15.7204  22.0036   72.8710  -230.47
 12 1992    0.0342   1.0455   0.1859  15.6614  22.1328   73.4165  -228.12
 12 1993    0.0076   0.9785   0.1776  15.5751  21.9447   73.7714  -230.96
 12 1994    0.0284   1.0431   0.1846  15.5059  21.9679   74.2382  -230.42
 12 1995    0.0094   1.0776   0.1907  15.4403  21.9239   74.7260  -230.96
 12 1996    0.0110   1.0226   0.1815  15.3560  21.7771   75.0810  -233.11
 12 1997    0.0321   1.1322   0.1953  15.2990  21.8645   75.6181  -231.64
 12 1998    0.0123   1.2181   0.2089  15.2492  21.8944   76.2017  -231.09
 12 1999    0.0115   1.1787   0.2020  15.1758  21.7740   76.6198  -232.79
 12 2000    0.0251   1.2121   0.2049  15.1130  21.7610   77.1064  -232.89
 12 2001    0.0090   1.2327   0.2086  15.0548  21.7110   77.6207  -233.55
 12 2002    0.0290   1.2752   0.2122  14.9960  21.7184   78.1275  -233.38
 12 2003    0.0280   1.3104   0.2168  14.9407  21.7018   78.6543  -233.56
 12 2004    0.0093   1.3207   0.2192  14.8862  21.6414   79.1840  -234.36
 12 2005    0.0083   1.2308   0.2053  14.8101  21.4604   79.5618  -236.90
 12 2006    0.0292   1.2709   0.2090  14.7526  21.4676   80.0625  -236.74
 12 2007    0.0099   1.2946   0.2139  14.7005  21.4248   80.5968  -237.30
 12 2008    0.0095   1.2210   0.2026  14.6278  21.2668   80.9866  -239.51
 12 2009    0.0266   1.2637   0.2072  14.5723  21.2758   81.4903  -239.32
 12 2010    0.0106   1.2927   0.2127  14.5218  21.2438   82.0253  -239.73
 12 2011    0.0122   1.2401   0.2044  14.4542  21.1168   82.4389  -241.48
 12 2012    0.0300   1.3259   0.2153  14.4092  21.1862   83.0038  -240.44
 12 2013    0.0151   1.3935   0.2262  14.3698  21.2104   83.6048  -240.05
 12 2014    0.0240   1.4440   0.2320  14.3265  21.2324   84.1767  -239.68
 12 2015    0.0414   1.5033   0.2383  14.2856  21.2745   84.7621  -239.04
 12 2016    0.0104   1.5170   0.2423  14.2467  21.2222   85.3587  -239.71
 12 2017    0.0073   1.3955   0.2238  14.1779  21.0105   85.7484  -242.59
 12 2018    0.0355   1.4663   0.2313  14.1371  21.0762   86.3253  -241.62
 12 2019    0.0132   1.5134   0.2400  14.1030  21.0754   86.9462  -241.58
 12 2020    0.0212   1.5172   0.2391  14.0579  21.0413   87.4890  -241.98
 12 2021    0.2895   1.8518   0.2610  14.0403  21.6486   88.2172  -233.75
 12 2022    0.0035   1.6216   0.2547  13.9987  21.0843   88.7815  -241.24
 12 2023    0.0003   1.4222   0.2247  13.9213  20.7745   89.0972  -245.48
 12 2024    0.0271   1.4393   0.2250  13.8736  20.7709   89.6114  -245.46
 12 2025    0.0122   1.4743   0.2317  13.8371  20.7613   90.1996  -245.53
 12 2026    0.0225   1.4871   0.2326  13.7937  20.7418   90.7381  -245.72
 12 2027    0.0367   1.5496   0.2404  13.7597  20.7924   91.3386  -244.95
 12 2028    0.0156   1.6252   0.2531  13.7375  20.8373   92.0185  -244.24
 12 2029    0.0242   1.6209   0.2510  13.6980  20.8000   92.5781  -244.69
 12 2030    0.0336   1.6447   0.2531  13.6637  20.8010   93.1705  -244.60
 12 2031    0.0139   1.6813   0.2597  13.6385  20.7994   93.8238  -244.55
 12 2032    0.0198   1.6207   0.2496  13.5917  20.6877   94.3269  -246.03
 12 2033    0.0318   1.6426   0.2515  13.5574  20.6891   94.9131  -245.93
 12 2034    0.0148   1.6918   0.2600  13.5350  20.7075   95.5794  -245.58
 12 2035    0.0286   1.6790   0.2563  13.4974  20.6672   96.1397  -246.07
 12 2036    0.0339   1.7033   0.2591  13.4675  20.6697   96.7498  -245.95
 12 2037    0.0157   1.7513   0.2675  13.4482  20.6886   97.4321  -245.61
 12 2038    0.0162   1.6648   0.2541  13.4015  20.5425   97.9248  -247.56
 12 2039    0.0327   1.6832   0.2552  13.3693  20.5463   98.5140  -247.43
 12 2040    0.0160   1.7373   0.2646  13.3510  20.5748   99.1964  -246.95
 12 2041    0.0220   1.7082   0.2593  13.3148  20.5102   99.7553  -247.78
 12 2042    0.0327   1.7152   0.2592  13.2835  20.4965  100.3455  -247.88
 12 2043    0.0158   1.7633   0.2677  13.2661  20.5188  101.0289  -247.48
 12 2044    0.0245   1.7426   0.2634  13.2329  20.4693  101.6030  -248.09
 12 2045    0.0336   1.7498   0.2634  13.2039  20.4565  102.2040  -248.19
 12 2046    0.0153   1.8003   0.2723  13.1893  20.4830  102.9025  -247.74
 12 2047    0.0133   1.6891   0.2556  13.1423  20.3062  103.3772  -250.16
 12 2048    0.0389   1.7344   0.2600  13.1170  20.3563  103.9981  -249.36
 12 2049    0.0149   1.7909   0.2705  13.1044  20.3865  104.7045  -248.84
 12 2050    0.0239   1.7565   0.2642  13.0709  20.3214  105.2669  -249.68
 12 2051    0.0381   1.7937   0.2683  13.0488  20.3548  105.9052  -249.12
 12 2052    0.0163   1.8501   0.2783  13.0388  20.3894  106.6257  -248.54
 12 2053    0.0199   1.7833   0.2676  13.0028  20.2795  107.1671  -250.01
 12 2054    0.0284   1.7842   0.2669  12.9765  20.2619  107.7725  -250.17
 12 2055    0.0147   1.8224   0.2736  12.9622  20.2787  108.4588  -249.84
 12 2056    0.0190   1.7642   0.2643  12.9273  20.1807  109.0031  -251.15
 12 2057    0.0329   1.7849   0.2661  12.9037  20.1935  109.6225  -250.88
 12 2058    0.0156   1.8294   0.2742  12.8915  20.2166  110.3192  -250.45
 12 2059    0.0180   1.7536   0.2625  12.8542  20.0943  110.8428  -252.13
 12 2060    0.0436   1.7975   0.2667  12.8335  20.1472  111.4773  -251.29
 12 2061    0.0144   1.8482   0.2768  12.8253  20.1705  112.1969  -250.87
 12 2062    0.0199   1.7680   0.2641  12.7880  20.0458  112.7163  -252.60
 12 2063    0.0349   1.7970   0.2671  12.7670  20.0720  113.3457  -252.14
 12 2064    0.0154   1.8565   0.2776  12.7599  20.1152  114.0685  -251.43
 12 2065    0.0209   1.7772   0.2650  12.7235  19.9926  114.5903  -253.13
 12 2066    0.0381   1.8128   0.2687  12.7044  20.0298  115.2279  -252.50
 12 2067    0.0162   1.8649   0.2783  12.6969  20.0623  115.9454  -251.95
 12 2068    0.0201   1.7890   0.2664  12.6624  19.9437  116.4757  -253.60
 12 2069    0.0421   1.8395   0.2719  12.6463  20.0057  117.1307  -252.61
 12 2070    0.0174   1.9030   0.2834  12.6430  20.0526  117.8726  -251.84
 12 2071    0.0172   1.8006   0.2678  12.6058  19.8973  118.3819  -254.03
 12 2072    0.0308   1.7751   0.2629  12.5773  19.8521  118.9484  -254.61
 12 2073    0.0139   1.8003   0.2683  12.5635  19.8519  119.6138  -254.53
 12 2074    0.0139   1.6893   0.2519  12.5210  19.6821  120.0818  -256.98
 12 2075    0.0354   1.7261   0.2558  12.4995  19.7227  120.6910  -256.29
 12 2076    0.0159   1.7880   0.2670  12.4916  19.7685  121.3930  -255.52
 12 2077    0.0240   1.7281   0.2573  12.4577  19.6730  121.9156  -256.87
 12 2078    0.0363   1.7463   0.2590  12.4357  19.6832  122.5174  -256.63
 12 2079    0.0151   1.7968   0.2685  12.4272  19.7135  123.2110  -256.10
 12 2080    0.0174   1.7088   0.2550  12.3898  19.5769  123.7055  -258.07
 12 2081    0.0310   1.6714   0.2484  12.3568  19.5135  124.2280  -258.96
 12 2082    0.0111   1.6574   0.2485  12.3327  19.4557  124.8100  -259.76
 12 2083    0.0152   1.5692   0.2354  12.2898  19.3155  125.2613  -261.84
 12 2084    0.0378   1.6185   0.2411  12.2672  19.3705  125.8488  -260.91
 12 2085    0.0165   1.6987   0.2552  12.2603  19.4366  126.5431  -259.81
 12 2086    0.0202   1.6468   0.2470  12.2267  19.3466  127.0538  -261.11
 12 2087    0.0393   1.6963   0.2526  12.2082  19.4023  127.6660  -260.17
 12 2088    0.0155   1.7811   0.2671  12.2066  19.4762  128.3935  -258.96
 12 2089    0.0184   1.7026   0.2547  12.1720  19.3535  128.8937  -260.77
 12 2090    0.0379   1.7191   0.2552  12.1500  19.3680  129.4784  -260.46
 12 2091    0.0142   1.7709   0.2649  12.1433  19.3991  130.1671  -259.90
 12 2092    0.0173   1.6596   0.2478  12.1022  19.2327  130.6195  -262.41
 12 2093    0.0282   1.6369   0.2436  12.0728  19.1874  131.1489  -263.04
 12 2094    0.0125   1.6779   0.2513  12.0601  19.2076  131.7920  -262.65
 12 2095    0.0104   1.5586   0.2339  12.0151  19.0238  132.2122  -265.48
 12 2096    0.0395   1.6049   0.2385  11.9927  19.0815  132.7851  -264.48
 12 2097    0.0145   1.6725   0.2510  11.9855  19.1294  133.4606  -263.65
 12 2098    0.0213   1.6126   0.2413  11.9509  19.0320  133.9477  -265.12
 12 2099    0.0279   1.6139   0.2411  11.9255  19.0143  134.4961  -265.33
