MON   YR       DPM      RPM      BIO      HUM    TOTAL       CO2     D14C
 12 1850    0.0020  10.2122   1.0544  42.7858  59.2602    2.7566   -98.08
 12 1851    0.1384   8.9954   0.9760  42.6378  57.9536    5.1253  -100.27
 12 1852    0.0381   7.6857   0.8817  42.4414  56.2528    7.1502  -103.28
 12 1853    0.0311   6.5741   0.7882  42.2064  54.8057    8.8948  -105.99
 12 1854    0.0426   5.6531   0.7069  41.9497  53.5581   10.4718  -108.43
 12 1855    0.0349   4.8641   0.6359  41.6751  52.4158   11.9060  -110.77
 12 1856    0.0309   4.2044   0.5748  41.3864  51.4024   13.2210  -112.92
 12 1857    0.0331   3.6412   0.5205  41.0836  50.4843   14.4169  -114.95
 12 1858    0.0382   3.1717   0.4742  40.7717  49.6617   15.5261  -116.82
 12 1859    0.0357   2.7778   0.4355  40.4537  48.9087   16.5690  -118.59
 12 1860    0.0350   2.4553   0.4035  40.1316  48.2313   17.5582  -120.23
 12 1861    0.0327   2.1595   0.3727  39.8012  47.5719   18.4647  -121.87
 12 1862    0.0300   1.9226   0.3483  39.4699  46.9766   19.3391  -123.38
 12 1863    0.0294   1.7278   0.3279  39.1372  46.4281   20.1776  -124.81
 12 1864    0.0288   1.5502   0.3085  38.8009  45.8942   20.9655  -126.23
 12 1865    0.0307   1.3997   0.2915  38.4634  45.3912   21.7184  -127.60
 12 1866    0.0305   1.2804   0.2783  38.1276  44.9227   22.4559  -128.90
 12 1867    0.0290   1.1738   0.2662  37.7914  44.4664   23.1649  -130.19
 12 1868    0.0314   1.0788   0.2547  37.4547  44.0255   23.8433  -131.47
 12 1869    0.0274   1.0010   0.2458  37.1206  43.6006   24.5123  -132.72
 12 1870    0.0261   0.9229   0.2361  36.7853  43.1763   25.1475  -133.99
 12 1871    0.0296   0.8693   0.2291  36.4533  42.7871   25.7784  -135.18
 12 1872    0.0298   0.8294   0.2241  36.1248  42.4140   26.4073  -136.33
 12 1873    0.0321   0.7944   0.2193  35.7981  42.0497   27.0224  -137.48
 12 1874    0.0230   0.7484   0.2137  35.4723  41.6632   27.6181  -138.72
 12 1875    0.0220   0.7024   0.2071  35.1465  41.2839   28.1880  -139.96
 12 1876    0.0204   0.6695   0.2024  34.8241  40.9223   28.7553  -141.16
 12 1877    0.0283   0.6622   0.2004  34.5068  40.6036   29.3321  -142.24
 12 1878    0.0338   0.6708   0.2008  34.1954  40.3068   29.9247  -143.25
 12 1879    0.0325   0.6717   0.2006  33.8871  39.9978   30.5133  -144.33
 12 1880    0.0296   0.6736   0.2005  33.5823  39.6918   31.1016  -145.40
 12 1881    0.0215   0.6536   0.1975  33.2774  39.3559   31.6652  -146.60
 12 1882    0.0305   0.6491   0.1951  32.9752  39.0558   32.2235  -147.69
 12 1883    0.0232   0.6292   0.1921  32.6750  38.7253   32.7713  -148.91
 12 1884    0.0215   0.6191   0.1900  32.3780  38.4144   33.3173  -150.07
 12 1885    0.0251   0.6056   0.1868  32.0820  38.1054   33.8470  -151.25
 12 1886    0.0235   0.5885   0.1837  31.7882  37.7899   34.3685  -152.47
 12 1887    0.0280   0.5887   0.1825  31.4991  37.5041   34.8982  -153.59
 12 1888    0.0235   0.5814   0.1811  31.2125  37.2043   35.4228  -154.78
 12 1889    0.0220   0.5617   0.1775  30.9257  36.8927   35.9235  -156.04
 12 1890    0.0238   0.5605   0.1764  30.6439  36.6105   36.4356  -157.20
 12 1891    0.0216   0.5578   0.1754  30.3651  36.3258   36.9457  -158.39
 12 1892    0.0206   0.5461   0.1730  30.0871  36.0327   37.4399  -159.63
 12 1893    0.0236   0.5409   0.1711  29.8120  35.7534   37.9316  -160.83
 12 1894    0.0239   0.5403   0.1702  29.5405  35.4808   38.4263  -162.02
 12 1895    0.0222   0.5329   0.1684  29.2707  35.2001   38.9113  -163.26
 12 1896    0.0230   0.5233   0.1661  29.0025  34.9208   39.3858  -164.52
 12 1897    0.0203   0.5119   0.1639  28.7366  34.6386   39.8551  -165.81
 12 1898    0.0206   0.4968   0.1608  28.4717  34.3558   40.3099  -167.12
 12 1899    0.0212   0.4898   0.1590  28.2102  34.0862   40.7670  -168.39
 12 1900    0.0090   0.5072   0.1617  28.0186  33.9024   41.1583  -169.30
 12 1901    0.0092   0.5217   0.1627  27.8273  33.7268   41.5395  -170.18
 12 1902    0.0078   0.5282   0.1627  27.6367  33.5413   41.9145  -171.11
 12 1903    0.0080   0.5331   0.1624  27.4474  33.3568   42.2864  -172.04
 12 1904    0.0077   0.5422   0.1628  27.2606  33.1793   42.6644  -172.96
 12 1905    0.0082   0.5495   0.1629  27.0752  33.0017   43.0403  -173.91
 12 1906    0.0096   0.5654   0.1643  26.8930  32.8382   43.4274  -174.80
 12 1907    0.0087   0.5716   0.1644  26.7113  32.6618   43.8065  -175.75
 12 1908    0.0084   0.5809   0.1649  26.5318  32.4918   44.1899  -176.68
 12 1909    0.0069   0.5775   0.1637  26.3518  32.3058   44.5590  -177.70
 12 1910    0.0084   0.5797   0.1631  26.1737  32.1308   44.9304  -178.67
 12 1911    0.0072   0.5740   0.1616  25.9959  31.9446   45.2929  -179.70
 12 1912    0.0070   0.5747   0.1611  25.8204  31.7691   45.6603  -180.69
 12 1913    0.0078   0.5719   0.1599  25.6453  31.5908   46.0205  -181.70
 12 1914    0.0073   0.5655   0.1584  25.4710  31.4081   46.3750  -182.74
 12 1915    0.0087   0.5712   0.1585  25.2998  31.2441   46.7405  -183.73
 12 1916    0.0074   0.5698   0.1578  25.1292  31.0701   47.0993  -184.78
 12 1917    0.0068   0.5588   0.1556  24.9579  30.8850   47.4432  -185.88
 12 1918    0.0078   0.5628   0.1556  24.7901  30.7222   47.8012  -186.88
 12 1919    0.0072   0.5653   0.1555  24.6237  30.5577   48.1587  -187.89
 12 1920    0.0072   0.5628   0.1545  24.4577  30.3881   48.5083  -188.91
 12 1921    0.0080   0.5643   0.1541  24.2935  30.2258   48.8602  -189.90
 12 1922    0.0080   0.5679   0.1541  24.1311  30.0670   49.2149  -190.88
 12 1923    0.0077   0.5677   0.1535  23.9694  29.9043   49.5645  -191.89
 12 1924    0.0078   0.5635   0.1523  23.8081  29.7376   49.9072  -192.93
 12 1925    0.0069   0.5570   0.1509  23.6476  29.5684   50.2453  -194.05
 12 1926    0.0071   0.5485   0.1491  23.4875  29.3981   50.5763  -195.18
 12 1927    0.0073   0.5452   0.1482  23.3293  29.2359   50.9110  -196.26
 12 1928    0.0083   0.5516   0.1485  23.1739  29.0882   51.2554  -197.28
 12 1929    0.0084   0.5543   0.1484  23.0194  28.9365   51.5961  -198.32
 12 1930    0.0069   0.5481   0.1471  22.8646  28.7727   51.9263  -199.36
 12 1931    0.0070   0.5419   0.1457  22.7107  28.6112   52.2522  -200.41
 12 1932    0.0068   0.5409   0.1451  22.5587  28.4573   52.5824  -201.42
 12 1933    0.0072   0.5403   0.1445  22.4078  28.3057   52.9111  -202.44
 12 1934    0.0084   0.5473   0.1449  22.2594  28.1660   53.2476  -203.38
 12 1935    0.0076   0.5461   0.1443  22.1110  28.0149   53.5758  -204.47
 12 1936    0.0074   0.5494   0.1443  21.9647  27.8717   53.9082  -205.51
 12 1937    0.0064   0.5440   0.1431  21.8180  27.7174   54.2297  -206.63
 12 1938    0.0074   0.5421   0.1423  21.6726  27.5703   54.5513  -207.71
 12 1939    0.0066   0.5352   0.1408  21.5275  27.4161   54.8663  -208.85
 12 1940    0.0065   0.5342   0.1403  21.3843  27.2712   55.1855  -209.94
 12 1941    0.0071   0.5307   0.1392  21.2415  27.1244   55.4988  -211.04
 12 1942    0.0066   0.5238   0.1378  21.0992  26.9734   55.8067  -212.19
 12 1943    0.0080   0.5282   0.1379  20.9597  26.8397   56.1249  -213.23
 12 1944    0.0069   0.5269   0.1374  20.8206  26.6978   56.4377  -214.33
 12 1945    0.0063   0.5167   0.1355  20.6807  26.5452   56.7370  -215.60
 12 1946    0.0073   0.5207   0.1356  20.5441  26.4136   57.0499  -216.73
 12 1947    0.0068   0.5234   0.1356  20.4086  26.2802   57.3624  -217.87
 12 1948    0.0067   0.5220   0.1350  20.2734  26.1430   57.6688  -219.04
 12 1949    0.0075   0.5241   0.1348  20.1398  26.0121   57.9777  -220.17
 12 1950    0.0095   0.5284   0.1348  20.0074  25.8860   58.2867  -221.22
 12 1951    0.0081   0.5355   0.1355  19.8773  25.7623   58.6036  -222.26
 12 1952    0.0128   0.5672   0.1392  19.7522  25.6774   58.9474  -223.03
 12 1953    0.0073   0.5699   0.1396  19.6254  25.5481   59.2714  -224.13
 12 1954    0.0126   0.5934   0.1419  19.5021  25.4559   59.6122  -224.93
 12 1955    0.0086   0.5997   0.1426  19.3788  25.3356   59.9453  -225.87
 12 1956    0.0110   0.6200   0.1447  19.2585  25.2402   60.2915  -226.49
 12 1957    0.0083   0.6179   0.1440  19.1364  25.1125   60.6179  -227.19
 12 1958    0.0122   0.6275   0.1444  19.0164  25.0064   60.9515  -227.33
 12 1959    0.0081   0.6216   0.1433  18.8959  24.8748   61.2743  -227.57
 12 1960    0.0116   0.6375   0.1448  18.7792  24.7791   61.6161  -227.49
 12 1961    0.0084   0.6327   0.1438  18.6610  24.6518   61.9406  -227.80
 12 1962    0.0143   0.6640   0.1474  18.5492  24.5809   62.3018  -226.49
 12 1963    0.0073   0.6531   0.1458  18.4332  24.4454   62.6276  -224.38
 12 1964    0.0132   0.6730   0.1477  18.3219  24.3617   62.9778  -220.32
 12 1965    0.0070   0.6523   0.1446  18.2060  24.2159   63.2906  -220.17
 12 1966    0.0142   0.6786   0.1474  18.0974  24.1435   63.6462  -217.52
 12 1967    0.0077   0.6654   0.1455  17.9850  24.0095   63.9690  -217.76
 12 1968    0.0145   0.6853   0.1474  17.8774  23.9305   64.3181  -216.44
 12 1969    0.0078   0.6734   0.1457  17.7672  23.8001   64.6431  -217.19
 12 1970    0.0132   0.6853   0.1465  17.6603  23.7113   64.9836  -216.90
 12 1971    0.0101   0.6895   0.1470  17.5544  23.6070   65.3248  -217.21
 12 1972    0.0177   0.7336   0.1523  17.4557  23.5651   65.7083  -215.89
 12 1973    0.0097   0.7263   0.1514  17.3518  23.4451   66.0509  -216.94
 12 1974    0.0148   0.7512   0.1540  17.2528  23.3787   66.4210  -216.62
 12 1975    0.0092   0.7409   0.1524  17.1504  23.2589   66.7613  -217.78
 12 1976    0.0143   0.7699   0.1557  17.0545  23.2003   67.1401  -217.47
 12 1977    0.0105   0.7692   0.1554  16.9560  23.0969   67.4954  -218.47
 12 1978    0.0181   0.8082   0.1599  16.8642  23.0563   67.8907  -218.07
 12 1979    0.0101   0.7971   0.1584  16.7673  22.9388   68.2453  -219.56
 12 1980    0.0171   0.8305   0.1621  16.6771  22.8927   68.6404  -219.53
 12 1981    0.0091   0.8153   0.1600  16.5818  22.7721   68.9948  -221.18
 12 1982    0.0185   0.8553   0.1644  16.4949  22.7391   69.4006  -221.06
 12 1983    0.0107   0.8483   0.1635  16.4035  22.6320   69.7711  -222.50
 12 1984    0.0164   0.8859   0.1680  16.3194  22.5956   70.1858  -222.59
 12 1985    0.0103   0.8674   0.1652  16.2283  22.4772   70.5472  -224.29
 12 1986    0.0181   0.8902   0.1673  16.1431  22.4246   70.9435  -224.79
 12 1987    0.0110   0.8693   0.1644  16.0531  22.3037   71.3018  -226.56
 12 1988    0.0174   0.9026   0.1683  15.9716  22.2658   71.7130  -226.87
 12 1989    0.0109   0.8824   0.1654  15.8834  22.1480   72.0738  -228.60
 12 1990    0.0267   0.9592   0.1749  15.8107  22.1775   72.5349  -227.80
 12 1991    0.0083   0.9015   0.1675  15.7204  22.0036   72.8710  -230.47
 12 1992    0.0342   1.0455   0.1859  15.6614  22.1328   73.4165  -228.12
 12 1993    0.0076   0.9785   0.1776  15.5751  21.9447   73.7714  -230.96
 12 1994    0.0284   1.0431   0.1846  15.5059  21.9679   74.2382  -230.42
 12 1995    0.0094   1.0776   0.1907  15.4403  21.9239   74.7260  -230.96
 12 1996    0.0110   1.0226   0.1815  15.3560  21.7771   75.0810  -233.11
 12 1997    0.0321   1.1322   0.1953  15.2990  21.8645   75.6181  -231.64
 12 1998    0.0123   1.2181   0.2089  15.2492  21.8944   76.2017  -231.09
 12 1999    0.0115   1.1787   0.2020  15.1758  21.7740   76.6198  -232.79
 12 2000    0.0251   1.2121   0.2049  15.1130  21.7610   77.1064  -232.89
 12 2001    0.0090   1.2327   0.2086  15.0548  21.7110   77.6207  -233.55
 12 2002    0.0290   1.2752   0.2122  14.9960  21.7184   78.1275  -233.38
 12 2003    0.0280   1.3104   0.2168  14.9407  21.7018   78.6543  -233.56
 12 2004    0.0093   1.3207   0.2192  14.8862  21.6414   79.1840  -234.36
 12 2005    0.0083   1.2308   0.2053  14.8101  21.4604   79.5618  -236.90
 12 2006    0.0292   1.2709   0.2090  14.7526  21.4676   80.0625  -236.74
 12 2007    0.0099   1.2946   0.2139  14.7005  21.4248   80.5968  -237.30
 12 2008    0.0095   1.2210   0.2026  14.6278  21.2668   80.9866  -239.51
 12 2009    0.0266   1.2637   0.2072  14.5723  21.2758   81.4903  -239.32
 12 2010    0.0106   1.2927   0.2127  14.5218  21.2438   82.0253  -239.73
 12 2011    0.0122   1.2401   0.2044  14.4542  21.1168   82.4389  -241.48
 12 2012    0.0300   1.3259   0.2153  14.4092  21.1862   83.0038  -240.44
 12 2013    0.0151   1.3935   0.2262  14.3698  21.2104   83.6048  -240.05
 12 2014    0.0240   1.4440   0.2320  14.3265  21.2324   84.1767  -239.68
 12 2015    0.0414   1.5033   0.2383  14.2856  21.2745   84.7621  -239.04
 12 2016    0.0104   1.5170   0.2423  14.2467  21.2222   85.3587  -239.71
 12 2017    0.0073   1.3955   0.2238  14.1779  21.0105   85.7484  -242.59
 12 2018    0.0355   1.4663   0.2313  14.1371  21.0762   86.3253  -241.62
 12 2019    0.0132   1.5134   0.2400  14.1030  21.0754   86.9462  -241.58
 12 2020    0.0212   1.5172   0.2391  14.0579  21.0413   87.4890  -241.98
 12 2021    0.2895   1.8518   0.2610  14.0403  21.6486   88.2172  -233.75
 12 2022    0.0035   1.6216   0.2547  13.9987  21.0843   88.7815  -241.24
 12 2023    0.0003   1.4222   0.2247  13.9213  20.7745   89.0972  -245.48
 12 2024    0.0270   1.4399   0.2251  13.8738  20.7717   89.6122  -245.45
 12 2025    0.0126   1.4756   0.2319  13.8373  20.7632   90.2008  -245.50
 12 2026    0.0238   1.4962   0.2338  13.7953  20.7549   90.7490  -245.54
 12 2027    0.0382   1.5703   0.2433  13.7638  20.8216   91.3671  -244.54
 12 2028    0.0168   1.6569   0.2576  13.7447  20.8818   92.0679  -243.63
 12 2029    0.0253   1.6563   0.2559  13.7072  20.8506   92.6416  -243.99
 12 2030    0.0335   1.6781   0.2577  13.6741  20.8493   93.2428  -243.93
 12 2031    0.0147   1.7183   0.2647  13.6508  20.8544   93.9099  -243.79
 12 2032    0.0204   1.6582   0.2546  13.6055  20.7445   94.4245  -245.23
 12 2033    0.0327   1.6828   0.2568  13.5732  20.7514   95.0250  -245.06
 12 2034    0.0157   1.7375   0.2661  13.5534  20.7786   95.7103  -244.60
 12 2035    0.0301   1.7260   0.2624  13.5178  20.7422   96.2847  -245.02
 12 2036    0.0341   1.7480   0.2650  13.4894  20.7424   96.9068  -244.94
 12 2037    0.0164   1.7961   0.2733  13.4717  20.7635   97.6016  -244.57
 12 2038    0.0170   1.7091   0.2598  13.4266  20.6185   98.1066  -246.49
 12 2039    0.0342   1.7362   0.2621  13.3977  20.6361   98.7196  -246.17
 12 2040    0.0174   1.8004   0.2729  13.3833  20.6799   99.4311  -245.49
 12 2041    0.0231   1.7701   0.2674  13.3493  20.6159  100.0069  -246.29
 12 2042    0.0344   1.7826   0.2680  13.3214  20.6124  100.6219  -246.26
 12 2043    0.0171   1.8386   0.2776  13.3080  20.6472  101.3357  -245.68
 12 2044    0.0263   1.8173   0.2731  13.2774  20.6000  101.9303  -246.25
 12 2045    0.0344   1.8248   0.2732  13.2515  20.5898  102.5547  -246.32
 12 2046    0.0165   1.8813   0.2829  13.2408  20.6274  103.2828  -245.72
 12 2047    0.0142   1.7655   0.2655  13.1959  20.4470  103.7754  -248.16
 12 2048    0.0403   1.8130   0.2701  13.1738  20.5032  104.4210  -247.28
 12 2049    0.0160   1.8746   0.2814  13.1651  20.5430  105.1579  -246.64
 12 2050    0.0255   1.8377   0.2746  13.1341  20.4777  105.7408  -247.47
 12 2051    0.0399   1.8787   0.2792  13.1156  20.5194  106.4077  -246.80
 12 2052    0.0177   1.9420   0.2903  13.1100  20.5659  107.1629  -246.06
 12 2053    0.0214   1.8716   0.2790  13.0767  20.4546  107.7264  -247.53
 12 2054    0.0309   1.8828   0.2796  13.0553  20.4545  108.3701  -247.44
 12 2055    0.0165   1.9349   0.2884  13.0474  20.4931  109.1051  -246.81
 12 2056    0.0200   1.8691   0.2780  13.0151  20.3881  109.6729  -248.20
 12 2057    0.0348   1.8923   0.2801  12.9957  20.4087  110.3258  -247.81
 12 2058    0.0172   1.9445   0.2893  12.9889  20.4458  111.0650  -247.20
 12 2059    0.0190   1.8585   0.2761  12.9537  20.3132  111.6092  -248.99
 12 2060    0.0445   1.8979   0.2796  12.9358  20.3637  112.2688  -248.20
 12 2061    0.0156   1.9545   0.2905  12.9322  20.3987  113.0264  -247.63
 12 2062    0.0213   1.8679   0.2769  12.8972  20.2691  113.5683  -249.38
 12 2063    0.0365   1.8982   0.2800  12.8799  20.3005  114.2286  -248.86
 12 2064    0.0166   1.9624   0.2913  12.8770  20.3532  114.9883  -248.04
 12 2065    0.0224   1.8759   0.2776  12.8428  20.2246  115.5316  -249.78
 12 2066    0.0395   1.9118   0.2814  12.8269  20.2655  116.1989  -249.12
 12 2067    0.0177   1.9710   0.2921  12.8241  20.3108  116.9554  -248.40
 12 2068    0.0213   1.8864   0.2789  12.7914  20.1839  117.5057  -250.12
 12 2069    0.0445   1.9435   0.2853  12.7794  20.2587  118.1970  -248.98
 12 2070    0.0191   2.0165   0.2983  12.7814  20.3212  118.9833  -248.01
 12 2071    0.0182   1.9045   0.2813  12.7462  20.1561  119.5142  -250.28
 12 2072    0.0321   1.8773   0.2761  12.7206  20.1120  120.1091  -250.83
 12 2073    0.0151   1.9058   0.2821  12.7106  20.1194  120.8096  -250.65
 12 2074    0.0150   1.7879   0.2647  12.6701  19.9436  121.3001  -253.12
 12 2075    0.0382   1.8347   0.2699  12.6532  20.0020  121.9503  -252.18
 12 2076    0.0178   1.9101   0.2831  12.6516  20.0685  122.7039  -251.14
 12 2077    0.0252   1.8403   0.2719  12.6197  19.9630  123.2503  -252.59
 12 2078    0.0379   1.8561   0.2733  12.6006  19.9738  123.8820  -252.35
 12 2079    0.0163   1.9087   0.2831  12.5959  20.0099  124.6118  -251.75
 12 2080    0.0186   1.8124   0.2684  12.5603  19.8655  125.1286  -253.78
 12 2081    0.0353   1.7900   0.2637  12.5328  19.8278  125.6988  -254.26
 12 2082    0.0133   1.7938   0.2667  12.5161  19.7957  126.3425  -254.65
 12 2083    0.0167   1.6953   0.2520  12.4756  19.6454  126.8212  -256.82
 12 2084    0.0402   1.7488   0.2582  12.4575  19.7106  127.4510  -255.76
 12 2085    0.0183   1.8371   0.2735  12.4563  19.7912  128.1961  -254.48
 12 2086    0.0219   1.7758   0.2639  12.4252  19.6927  128.7356  -255.87
 12 2087    0.0418   1.8269   0.2696  12.4108  19.7549  129.3875  -254.86
 12 2088    0.0168   1.9178   0.2851  12.4146  19.8403  130.1640  -253.52
 12 2089    0.0197   1.8283   0.2710  12.3819  19.7068  130.6904  -255.43
 12 2090    0.0410   1.8514   0.2724  12.3646  19.7352  131.3197  -254.93
 12 2091    0.0160   1.9155   0.2840  12.3644  19.7858  132.0664  -254.10
 12 2092    0.0183   1.7930   0.2652  12.3256  19.6081  132.5480  -256.68
 12 2093    0.0288   1.7594   0.2595  12.2980  19.5517  133.1035  -257.46
 12 2094    0.0133   1.7969   0.2667  12.2881  19.5709  133.7793  -257.09
 12 2095    0.0114   1.6698   0.2482  12.2448  19.3801  134.2249  -259.93
 12 2096    0.0424   1.7216   0.2535  12.2261  19.4496  134.8369  -258.79
 12 2097    0.0160   1.7976   0.2675  12.2239  19.5109  135.5607  -257.78
 12 2098    0.0225   1.7281   0.2564  12.1909  19.4039  136.0731  -259.34
 12 2099    0.0300   1.7315   0.2565  12.1688  19.3926  136.6584  -259.44
