MON   YR       DPM      RPM      BIO      HUM    TOTAL       CO2     D14C
 12 1850    0.0020  10.2122   1.0544  42.7858  59.2602    2.7566   -98.08
 12 1851    0.2739   9.4013   1.0227  42.6959  58.5997    5.5230   -99.17
 12 1852    0.0775   8.1576   0.9462  42.5433  56.9305    7.8532  -102.06
 12 1853    0.0638   7.0932   0.8584  42.3417  55.5631    9.8350  -104.54
 12 1854    0.0855   6.2214   0.7816  42.1187  54.4132   11.6538  -106.73
 12 1855    0.0724   5.4658   0.7147  41.8790  53.3378   13.3409  -108.86
 12 1856    0.0648   4.8392   0.6578  41.6265  52.3943   14.9205  -110.79
 12 1857    0.0672   4.2868   0.6040  41.3566  51.5205   16.3607  -112.64
 12 1858    0.0788   3.8341   0.5588  41.0780  50.7557   17.7201  -114.31
 12 1859    0.0720   3.4522   0.5218  40.7945  50.0464   19.0231  -115.91
 12 1860    0.0725   3.1533   0.4927  40.5086  49.4330   20.2875  -117.32
 12 1861    0.0683   2.8526   0.4609  40.2101  48.7978   21.4436  -118.83
 12 1862    0.0601   2.6148   0.4366  39.9117  48.2291   22.5757  -120.20
 12 1863    0.0595   2.4264   0.4171  39.6121  47.7209   23.6767  -121.46
 12 1864    0.0579   2.2408   0.3964  39.3065  47.2076   24.7123  -122.75
 12 1865    0.0617   2.0792   0.3776  38.9979  46.7223   25.7034  -124.01
 12 1866    0.0610   1.9574   0.3642  38.6919  46.2804   26.6879  -125.17
 12 1867    0.0585   1.8446   0.3514  38.3846  45.8450   27.6393  -126.33
 12 1868    0.0641   1.7408   0.3384  38.0750  45.4242   28.5505  -127.48
 12 1869    0.0558   1.6583   0.3294  37.7690  45.0184   29.4618  -128.60
 12 1870    0.0548   1.5674   0.3179  37.4593  44.6053   30.3236  -129.77
 12 1871    0.0608   1.5113   0.3105  37.1535  44.2420   31.1880  -130.81
 12 1872    0.0592   1.4683   0.3055  36.8513  43.8902   32.0525  -131.84
 12 1873    0.0636   1.4301   0.3001  36.5499  43.5496   32.8989  -132.84
 12 1874    0.0477   1.3709   0.2934  36.2483  43.1662   33.7198  -133.99
 12 1875    0.0452   1.3056   0.2843  35.9441  42.7851   34.4991  -135.16
 12 1876    0.0423   1.2638   0.2787  35.6440  42.4348   35.2824  -136.25
 12 1877    0.0573   1.2653   0.2776  35.3505  42.1567   36.0875  -137.12
 12 1878    0.0671   1.2931   0.2806  35.0654  41.9122   36.9268  -137.90
 12 1879    0.0640   1.3028   0.2819  34.7829  41.6375   37.7612  -138.79
 12 1880    0.0587   1.3144   0.2835  34.5043  41.3668   38.6004  -139.67
 12 1881    0.0448   1.2889   0.2803  34.2237  41.0435   39.4033  -140.74
 12 1882    0.0606   1.2850   0.2773  33.9447  40.7735   40.1953  -141.64
 12 1883    0.0486   1.2574   0.2737  33.6673  40.4529   40.9769  -142.73
 12 1884    0.0445   1.2458   0.2717  33.3935  40.1614   41.7606  -143.73
 12 1885    0.0498   1.2202   0.2666  33.1178  39.8604   42.5098  -144.78
 12 1886    0.0495   1.1948   0.2623  32.8443  39.5568   43.2520  -145.86
 12 1887    0.0555   1.1948   0.2611  32.5762  39.2935   44.0098  -146.81
 12 1888    0.0483   1.1852   0.2598  32.3106  39.0099   44.7635  -147.84
 12 1889    0.0458   1.1508   0.2542  32.0420  38.6987   45.4753  -148.99
 12 1890    0.0465   1.1439   0.2526  31.7791  38.4280   46.2054  -150.01
 12 1891    0.0435   1.1402   0.2517  31.5195  38.1608   46.9375  -151.03
 12 1892    0.0416   1.1183   0.2480  31.2589  37.8727   47.6419  -152.14
 12 1893    0.0465   1.1037   0.2447  31.0002  37.6010   48.3389  -153.20
 12 1894    0.0472   1.0994   0.2434  30.7456  37.3416   49.0436  -154.23
 12 1895    0.0448   1.0855   0.2409  30.4920  37.0692   49.7349  -155.33
 12 1896    0.0466   1.0666   0.2373  30.2387  36.7952   50.4084  -156.45
 12 1897    0.0417   1.0482   0.2345  29.9880  36.5182   51.0790  -157.59
 12 1898    0.0432   1.0229   0.2300  29.7366  36.2385   51.7258  -158.77
 12 1899    0.0438   1.0108   0.2277  29.4890  35.9772   52.3789  -159.88
 12 1900    0.0179   1.0419   0.2337  29.3138  35.8132   52.9592  -160.63
 12 1901    0.0183   1.0695   0.2364  29.1374  35.6675   53.5213  -161.30
 12 1902    0.0159   1.0849   0.2377  28.9616  35.5060   54.0769  -162.04
 12 1903    0.0164   1.0977   0.2383  28.7870  35.3452   54.6296  -162.79
 12 1904    0.0158   1.1184   0.2403  28.6160  35.1963   55.1968  -163.49
 12 1905    0.0166   1.1326   0.2412  28.4456  35.0418   55.7582  -164.28
 12 1906    0.0192   1.1624   0.2443  28.2799  34.9117   56.3411  -164.96
 12 1907    0.0174   1.1726   0.2449  28.1135  34.7544   56.9091  -165.76
 12 1908    0.0167   1.1899   0.2466  27.9501  34.6092   57.4876  -166.50
 12 1909    0.0143   1.1862   0.2453  27.7849  34.4365   58.0439  -167.37
 12 1910    0.0170   1.1908   0.2448  27.6217  34.2801   58.6039  -168.16
 12 1911    0.0148   1.1822   0.2429  27.4580  34.1039   59.1508  -169.05
 12 1912    0.0145   1.1860   0.2428  27.2974  33.9467   59.7094  -169.86
 12 1913    0.0155   1.1785   0.2409  27.1358  33.7767   60.2506  -170.73
 12 1914    0.0153   1.1693   0.2389  26.9749  33.6044   60.7874  -171.62
 12 1915    0.0174   1.1787   0.2396  26.8182  33.4597   61.3427  -172.45
 12 1916    0.0155   1.1792   0.2392  26.6618  33.3016   61.8914  -173.33
 12 1917    0.0142   1.1591   0.2358  26.5026  33.1177   62.4112  -174.33
 12 1918    0.0155   1.1633   0.2358  26.3483  32.9688   62.9544  -175.17
 12 1919    0.0146   1.1691   0.2363  26.1959  32.8218   63.5017  -176.01
 12 1920    0.0146   1.1643   0.2350  26.0427  32.6626   64.0346  -176.84
 12 1921    0.0160   1.1635   0.2343  25.8910  32.5107   64.5685  -177.66
 12 1922    0.0159   1.1682   0.2345  25.7418  32.3662   65.1096  -178.44
 12 1923    0.0156   1.1675   0.2339  25.5928  32.2158   65.6441  -179.26
 12 1924    0.0157   1.1588   0.2321  25.4433  32.0558   66.1658  -180.13
 12 1925    0.0145   1.1505   0.2305  25.2949  31.8963   66.6859  -181.10
 12 1926    0.0149   1.1366   0.2280  25.1460  31.7314   67.1931  -182.09
 12 1927    0.0151   1.1318   0.2269  24.9994  31.5791   67.7077  -183.03
 12 1928    0.0165   1.1408   0.2277  24.8563  31.4472   68.2371  -183.87
 12 1929    0.0169   1.1444   0.2278  24.7136  31.3086   68.7612  -184.74
 12 1930    0.0140   1.1324   0.2258  24.5697  31.1479   69.2679  -185.57
 12 1931    0.0144   1.1213   0.2237  24.4262  30.9915   69.7684  -186.40
 12 1932    0.0140   1.1201   0.2232  24.2853  30.8485   70.2790  -187.17
 12 1933    0.0147   1.1180   0.2224  24.1452  30.7063   70.7857  -187.96
 12 1934    0.0169   1.1297   0.2235  24.0085  30.5845   71.3072  -188.64
 12 1935    0.0152   1.1254   0.2226  23.8706  30.4397   71.8132  -189.56
 12 1936    0.0149   1.1304   0.2229  23.7354  30.3095   72.3284  -190.40
 12 1937    0.0132   1.1214   0.2213  23.5989  30.1607   72.8271  -191.34
 12 1938    0.0151   1.1181   0.2202  23.4637  30.0230   73.3260  -192.23
 12 1939    0.0135   1.1062   0.2181  23.3282  29.8720   73.8148  -193.20
 12 1940    0.0133   1.1059   0.2177  23.1953  29.7382   74.3136  -194.07
 12 1941    0.0143   1.0968   0.2159  23.0615  29.5944   74.7979  -195.01
 12 1942    0.0139   1.0857   0.2140  22.9282  29.4476   75.2772  -195.97
 12 1943    0.0159   1.0927   0.2145  22.7985  29.3275   75.7740  -196.78
 12 1944    0.0144   1.0931   0.2143  22.6694  29.1971   76.2663  -197.66
 12 1945    0.0131   1.0741   0.2113  22.5375  29.0418   76.7318  -198.83
 12 1946    0.0145   1.0788   0.2115  22.4101  28.9207   77.2203  -199.82
 12 1947    0.0137   1.0847   0.2121  22.2844  28.8009   77.7128  -200.78
 12 1948    0.0138   1.0822   0.2113  22.1582  28.6714   78.1941  -201.80
 12 1949    0.0150   1.0830   0.2109  22.0333  28.5481   78.6767  -202.77
 12 1950    0.0192   1.0895   0.2111  21.9097  28.4355   79.1610  -203.58
 12 1951    0.0164   1.1034   0.2130  21.7900  28.3287   79.6641  -204.36
 12 1952    0.0264   1.1686   0.2212  21.6797  28.3018   80.2245  -204.67
 12 1953    0.0149   1.1733   0.2223  21.5644  28.1808   80.7444  -205.55
 12 1954    0.0260   1.2230   0.2278  21.4557  28.1385   81.3022  -205.90
 12 1955    0.0174   1.2356   0.2297  21.3456  28.0341   81.8439  -206.48
 12 1956    0.0233   1.2824   0.2352  21.2415  27.9882   82.4198  -206.43
 12 1957    0.0168   1.2765   0.2340  21.1316  27.8649   82.9504  -206.57
 12 1958    0.0259   1.3026   0.2362  21.0262  27.7969   83.5045  -205.54
 12 1959    0.0165   1.2890   0.2344  20.9178  27.6635   84.0316  -204.82
 12 1960    0.0247   1.3277   0.2386  20.8172  27.6142   84.6060  -203.40
 12 1961    0.0171   1.3156   0.2368  20.7114  27.4868   85.1391  -202.84
 12 1962    0.0293   1.3771   0.2441  20.6174  27.4738   85.7459  -199.39
 12 1963    0.0148   1.3530   0.2412  20.5139  27.3287   86.2819  -194.34
 12 1964    0.0280   1.3986   0.2460  20.4197  27.2982   86.8762  -185.45
 12 1965    0.0143   1.3536   0.2399  20.3144  27.1282   87.3882  -184.04
 12 1966    0.0290   1.4048   0.2456  20.2227  27.1080   87.9869  -178.24
 12 1967    0.0156   1.3756   0.2420  20.1222  26.9613   88.5199  -177.54
 12 1968    0.0301   1.4177   0.2463  20.0310  26.9311   89.1107  -174.01
 12 1969    0.0158   1.3918   0.2433  19.9333  26.7900   89.6510  -174.22
 12 1970    0.0282   1.4235   0.2463  19.8426  26.7465   90.2335  -172.34
 12 1971    0.0207   1.4302   0.2475  19.7518  26.6561   90.8107  -171.86
 12 1972    0.0363   1.5184   0.2585  19.6745  26.6936   91.4737  -168.64
 12 1973    0.0196   1.5020   0.2569  19.5857  26.5700   92.0539  -169.41
 12 1974    0.0309   1.5569   0.2632  19.5069  26.5638   92.6976  -167.73
 12 1975    0.0188   1.5343   0.2602  19.4194  26.4387   93.2765  -168.69
 12 1976    0.0300   1.5986   0.2679  19.3453  26.4477   93.9416  -167.04
 12 1977    0.0213   1.5944   0.2673  19.2639  26.3528   94.5526  -167.80
 12 1978    0.0373   1.6736   0.2768  19.1954  26.3891   95.2473  -166.26
 12 1979    0.0205   1.6493   0.2739  19.1154  26.2650   95.8586  -167.79
 12 1980    0.0354   1.7179   0.2819  19.0485  26.2896   96.5553  -166.85
 12 1981    0.0187   1.6849   0.2778  18.9699  26.1571   97.1671  -168.67
 12 1982    0.0384   1.7691   0.2876  18.9080  26.2091   97.8895  -167.58
 12 1983    0.0219   1.7533   0.2860  18.8358  26.1029   98.5372  -169.05
 12 1984    0.0344   1.8351   0.2962  18.7786  26.1502   99.2829  -168.28
 12 1985    0.0209   1.7950   0.2906  18.7050  26.0175   99.9137  -170.18
 12 1986    0.0382   1.8485   0.2962  18.6441  26.0330  100.6264  -170.02
 12 1987    0.0225   1.8036   0.2904  18.5714  25.8938  101.2544  -172.01
 12 1988    0.0368   1.8792   0.2997  18.5167  25.9383  102.0015  -171.57
 12 1989    0.0231   1.8348   0.2938  18.4460  25.8037  102.6361  -173.48
 12 1990    0.0539   1.9837   0.3124  18.4051  25.9610  103.4700  -171.71
 12 1991    0.0177   1.8616   0.2969  18.3274  25.7094  104.0494  -175.01
 12 1992    0.0594   2.0690   0.3231  18.2985  25.9560  104.9590  -172.30
 12 1993    0.0154   1.9272   0.3054  18.2224  25.6764  105.5433  -175.81
 12 1994    0.0426   1.9815   0.3103  18.1697  25.7100  106.2832  -175.68
 12 1995    0.0164   2.0079   0.3160  18.1229  25.6690  107.0603  -176.40
 12 1996    0.0236   1.9108   0.3003  18.0479  25.4884  107.6415  -178.68
 12 1997    0.0480   2.0207   0.3141  18.0068  25.5955  108.4504  -177.75
 12 1998    0.0185   2.1021   0.3282  17.9744  25.6291  109.3167  -177.64
 12 1999    0.0243   2.0741   0.3226  17.9185  25.5454  110.0196  -178.78
 12 2000    0.0546   2.1996   0.3377  17.8873  25.6851  110.8887  -177.55
 12 2001    0.0194   2.2887   0.3531  17.8658  25.7329  111.8232  -177.29
 12 2002    0.0592   2.4106   0.3660  17.8421  25.8837  112.7397  -176.02
 12 2003    0.0455   2.4383   0.3701  17.8123  25.8721  113.6141  -176.36
 12 2004    0.0166   2.4374   0.3712  17.7830  25.8141  114.4903  -177.15
 12 2005    0.0177   2.2843   0.3473  17.7191  25.5742  115.1265  -179.72
 12 2006    0.0549   2.3509   0.3533  17.6860  25.6510  115.9704  -179.17
 12 2007    0.0180   2.3873   0.3618  17.6621  25.6350  116.8758  -179.53
 12 2008    0.0198   2.2597   0.3422  17.6017  25.4293  117.5293  -181.71
 12 2009    0.0502   2.3356   0.3506  17.5713  25.5137  118.3848  -181.08
 12 2010    0.0193   2.3835   0.3604  17.5491  25.5182  119.2947  -181.22
 12 2011    0.0223   2.2741   0.3434  17.4928  25.3384  119.9692  -183.10
 12 2012    0.0556   2.4300   0.3634  17.4791  25.5339  120.9325  -181.39
 12 2013    0.0276   2.5515   0.3834  17.4752  25.6435  121.9625  -180.53
 12 2014    0.0515   2.6675   0.3971  17.4671  25.7892  122.9633  -179.33
 12 2015    0.0773   2.7803   0.4100  17.4620  25.9355  123.9839  -178.14
 12 2016    0.0193   2.8056   0.4177  17.4589  25.9073  125.0188  -178.53
 12 2017    0.0151   2.5965   0.3857  17.4030  25.6062  125.6903  -181.37
 12 2018    0.0602   2.6959   0.3959  17.3909  25.7488  126.6591  -180.21
 12 2019    0.0236   2.7605   0.4084  17.3893  25.7877  127.7002  -179.98
 12 2020    0.0418   2.7739   0.4079  17.3717  25.8012  128.6303  -179.95
 12 2021    0.3831   3.4170   0.4684  17.4285  26.9029  130.0685  -170.67
 12 2022    0.0046   2.9921   0.4412  17.4001  26.0438  130.9277  -177.99
 12 2023    0.0018   2.6343   0.3873  17.3237  25.5530  131.4560  -182.41
 12 2024    0.0538   2.6703   0.3883  17.3011  25.6194  132.3475  -181.90
 12 2025    0.0223   2.7401   0.4021  17.2996  25.6700  133.3840  -181.53
 12 2026    0.0260   2.5984   0.3808  17.2536  25.4648  134.1142  -183.43
 12 2027    0.0570   2.6701   0.3892  17.2389  25.5612  135.0557  -182.64
 12 2028    0.0224   2.7580   0.4056  17.2421  25.6340  136.1205  -182.05
 12 2029    0.0266   2.6269   0.3856  17.1994  25.4444  136.8695  -183.81
 12 2030    0.0514   2.6696   0.3899  17.1818  25.4987  137.7883  -183.37
 12 2031    0.0230   2.7584   0.4057  17.1848  25.5778  138.8477  -182.74
 12 2032    0.0223   2.6180   0.3847  17.1415  25.3724  139.5897  -184.62
 12 2033    0.0573   2.6774   0.3905  17.1258  25.4568  140.5178  -183.90
 12 2034    0.0236   2.7663   0.4068  17.1301  25.5327  141.5831  -183.26
 12 2035    0.0301   2.6709   0.3916  17.0952  25.3937  142.3791  -184.54
 12 2036    0.0588   2.7159   0.3957  17.0799  25.4562  143.3074  -184.02
 12 2037    0.0227   2.7766   0.4080  17.0809  25.4940  144.3469  -183.72
 12 2038    0.0304   2.6578   0.3893  17.0419  25.3253  145.1121  -185.25
 12 2039    0.0516   2.6955   0.3931  17.0262  25.3724  146.0344  -184.87
 12 2040    0.0216   2.7793   0.4082  17.0310  25.4459  147.0968  -184.24
 12 2041    0.0265   2.6496   0.3882  16.9910  25.2612  147.8518  -185.92
 12 2042    0.0588   2.6958   0.3922  16.9753  25.3281  148.7710  -185.34
 12 2043    0.0208   2.7496   0.4037  16.9753  25.3553  149.7975  -185.11
 12 2044    0.0261   2.6175   0.3835  16.9340  25.1670  150.5404  -186.82
 12 2045    0.0522   2.6147   0.3810  16.9090  25.1628  151.3925  -186.88
 12 2046    0.0222   2.6862   0.3946  16.9084  25.2174  152.4108  -186.42
 12 2047    0.0262   2.5661   0.3764  16.8673  25.0420  153.1510  -188.02
 12 2048    0.0477   2.5742   0.3761  16.8435  25.0474  154.0071  -187.99
 12 2049    0.0196   2.6263   0.3866  16.8378  25.0763  154.9867  -187.74
 12 2050    0.0237   2.4915   0.3663  16.7921  24.8794  155.6904  -189.55
 12 2051    0.0640   2.5753   0.3754  16.7776  24.9982  156.6058  -188.47
 12 2052    0.0228   2.6731   0.3939  16.7829  25.0787  157.6574  -187.74
 12 2053    0.0263   2.5356   0.3728  16.7389  24.8797  158.3700  -189.57
 12 2054    0.0529   2.5517   0.3730  16.7155  24.8990  159.2204  -189.39
 12 2055    0.0206   2.6403   0.3892  16.7177  24.9736  160.2467  -188.71
 12 2056    0.0332   2.5314   0.3716  16.6769  24.8190  160.9775  -190.13
 12 2057    0.0590   2.5686   0.3750  16.6579  24.8663  161.8546  -189.69
 12 2058    0.0206   2.6257   0.3871  16.6555  24.8947  162.8456  -189.43
 12 2059    0.0278   2.5123   0.3693  16.6147  24.7300  163.5727  -190.95
 12 2060    0.0510   2.5353   0.3709  16.5931  24.7561  164.4284  -190.73
 12 2061    0.0226   2.6363   0.3885  16.5973  24.8506  165.4608  -189.87
 12 2062    0.0278   2.5334   0.3724  16.5597  24.6993  166.2064  -191.28
 12 2063    0.0532   2.6051   0.3808  16.5487  24.7937  167.1314  -190.41
 12 2064    0.0241   2.7343   0.4023  16.5620  24.9287  168.2239  -189.18
 12 2065    0.0395   2.6279   0.3843  16.5264  24.7841  168.9805  -190.51
 12 2066    0.0526   2.6324   0.3838  16.5080  24.7827  169.8527  -190.53
 12 2067    0.0192   2.6602   0.3909  16.5031  24.7792  170.8178  -190.57
 12 2068    0.0302   2.5733   0.3767  16.4696  24.6558  171.5858  -191.72
 12 2069    0.0643   2.6424   0.3839  16.4590  24.7556  172.5079  -190.79
 12 2070    0.0224   2.7231   0.3997  16.4664  24.8175  173.5540  -190.22
 12 2071    0.0230   2.5648   0.3757  16.4234  24.5928  174.2548  -192.31
 12 2072    0.0633   2.6063   0.3783  16.4068  24.6606  175.1334  -191.68
 12 2073    0.0202   2.6532   0.3894  16.4065  24.6752  176.1235  -191.54
 12 2074    0.0257   2.5225   0.3693  16.3657  24.4891  176.8349  -193.29
 12 2075    0.0633   2.5689   0.3730  16.3489  24.5600  177.7088  -192.62
 12 2076    0.0196   2.6262   0.3858  16.3497  24.5872  178.7032  -192.36
 12 2077    0.0221   2.4751   0.3631  16.3047  24.3709  179.3826  -194.41
 12 2078    0.0614   2.5000   0.3635  16.2821  24.4129  180.2130  -194.01
 12 2079    0.0205   2.5756   0.3788  16.2837  24.4645  181.2087  -193.51
 12 2080    0.0234   2.4479   0.3596  16.2415  24.2783  181.9038  -195.29
 12 2081    0.0693   2.5403   0.3693  16.2301  24.4149  182.8070  -193.98
 12 2082    0.0242   2.6483   0.3895  16.2405  24.5084  183.8598  -193.09
 12 2083    0.0247   2.5069   0.3681  16.1993  24.3049  184.5588  -195.03
 12 2084    0.0587   2.5658   0.3737  16.1862  24.3903  185.4476  -194.20
 12 2085    0.0208   2.6287   0.3864  16.1884  24.4303  186.4422  -193.82
 12 2086    0.0235   2.4980   0.3665  16.1487  24.2425  187.1482  -195.62
 12 2087    0.0562   2.5611   0.3730  16.1365  24.3327  188.0405  -194.74
 12 2088    0.0225   2.6487   0.3890  16.1433  24.4094  189.0628  -194.00
 12 2089    0.0322   2.5752   0.3767  16.1147  24.3047  189.8427  -195.00
 12 2090    0.0554   2.5876   0.3764  16.0974  24.3227  190.6975  -194.83
 12 2091    0.0217   2.6703   0.3916  16.1048  24.3942  191.7216  -194.14
 12 2092    0.0245   2.5354   0.3709  16.0666  24.2032  192.4333  -195.97
 12 2093    0.0614   2.5791   0.3741  16.0523  24.2728  193.3062  -195.29
 12 2094    0.0224   2.6803   0.3927  16.0640  24.3653  194.3574  -194.40
 12 2095    0.0236   2.5349   0.3706  16.0247  24.1597  195.0590  -196.38
 12 2096    0.0688   2.5974   0.3758  16.0134  24.2613  195.9494  -195.39
 12 2097    0.0207   2.6850   0.3932  16.0247  24.3295  196.9956  -194.73
 12 2098    0.0260   2.5230   0.3684  15.9820  24.1052  197.6715  -196.90
 12 2099    0.0401   2.5348   0.3692  15.9651  24.1150  198.5211  -196.80
