MON   YR       DPM      RPM      BIO      HUM    TOTAL       CO2     D14C
 12 1850    0.0043  12.1154   1.2412  49.9528  68.5196    2.8159   -88.06
 12 1851    0.1646  10.8271   1.1568  49.8037  67.1581    5.2394   -89.83
 12 1852    0.0477   9.4306   1.0601  49.6125  65.3568    7.3649   -92.28
 12 1853    0.0397   8.2198   0.9611  49.3824  63.8089    9.2103   -94.49
 12 1854    0.0512   7.1924   0.8728  49.1312  62.4536   10.8949   -96.52
 12 1855    0.0426   6.2946   0.7943  48.8623  61.1997   12.4408   -98.47
 12 1856    0.0392   5.5266   0.7250  48.5787  60.0755   13.8666  -100.28
 12 1857    0.0403   4.8577   0.6624  48.2805  59.0468   15.1731  -102.00
 12 1858    0.0454   4.2867   0.6077  47.9720  58.1177   16.3888  -103.59
 12 1859    0.0430   3.7969   0.5607  47.6563  57.2629   17.5334  -105.11
 12 1860    0.0435   3.3845   0.5207  47.3351  56.4897   18.6185  -106.52
 12 1861    0.0389   3.0052   0.4825  47.0047  55.7372   19.6181  -107.92
 12 1862    0.0375   2.6912   0.4508  46.6717  55.0571   20.5773  -109.23
 12 1863    0.0377   2.4257   0.4237  46.3361  54.4291   21.4953  -110.45
 12 1864    0.0353   2.1835   0.3983  45.9959  53.8190   22.3594  -111.67
 12 1865    0.0371   1.9740   0.3756  45.6532  53.2459   23.1823  -112.85
 12 1866    0.0378   1.8014   0.3572  45.3109  52.7132   23.9841  -113.95
 12 1867    0.0359   1.6467   0.3403  44.9673  52.1961   24.7538  -115.05
 12 1868    0.0374   1.5081   0.3246  44.6222  51.6982   25.4893  -116.13
 12 1869    0.0339   1.3912   0.3117  44.2785  51.2211   26.2105  -117.17
 12 1870    0.0314   1.2779   0.2985  43.9330  50.7466   26.8959  -118.24
 12 1871    0.0359   1.1926   0.2881  43.5896  50.3122   27.5720  -119.22
 12 1872    0.0363   1.1247   0.2802  43.2491  49.8962   28.2437  -120.18
 12 1873    0.0385   1.0646   0.2728  42.9096  49.4915   28.8993  -121.13
 12 1874    0.0285   0.9964   0.2650  42.5705  49.0664   29.5336  -122.15
 12 1875    0.0266   0.9305   0.2564  42.2307  48.6502   30.1404  -123.16
 12 1876    0.0260   0.8796   0.2497  41.8936  48.2548   30.7415  -124.13
 12 1877    0.0348   0.8564   0.2460  41.5609  47.9040   31.3504  -125.00
 12 1878    0.0413   0.8513   0.2448  41.2337  47.5770   31.9731  -125.83
 12 1879    0.0395   0.8406   0.2434  40.9090  47.2385   32.5913  -126.69
 12 1880    0.0372   0.8325   0.2422  40.5873  46.9051   33.2070  -127.56
 12 1881    0.0277   0.8038   0.2385  40.2652  46.5412   33.7986  -128.52
 12 1882    0.0370   0.7916   0.2352  39.9454  46.2151   34.3828  -129.38
 12 1883    0.0287   0.7647   0.2316  39.6273  45.8582   34.9571  -130.35
 12 1884    0.0279   0.7485   0.2287  39.3119  45.5229   35.5275  -131.27
 12 1885    0.0305   0.7294   0.2249  38.9974  45.1881   36.0830  -132.20
 12 1886    0.0288   0.7071   0.2212  38.6848  44.8477   36.6293  -133.16
 12 1887    0.0339   0.7026   0.2194  38.3763  44.5381   37.1828  -134.04
 12 1888    0.0294   0.6914   0.2175  38.0703  44.2144   37.7314  -134.98
 12 1889    0.0268   0.6679   0.2135  37.7639  43.8780   38.2569  -135.97
 12 1890    0.0297   0.6634   0.2119  37.4621  43.5729   38.7919  -136.88
 12 1891    0.0278   0.6577   0.2105  37.1630  43.2649   39.3253  -137.81
 12 1892    0.0257   0.6434   0.2078  36.8648  42.9475   39.8437  -138.78
 12 1893    0.0288   0.6356   0.2055  36.5690  42.6449   40.3588  -139.72
 12 1894    0.0298   0.6328   0.2042  36.2767  42.3494   40.8763  -140.65
 12 1895    0.0276   0.6234   0.2022  35.9859  42.0450   41.3851  -141.62
 12 1896    0.0279   0.6119   0.1997  35.6966  41.7419   41.8834  -142.60
 12 1897    0.0251   0.5987   0.1972  35.4094  41.4362   42.3762  -143.60
 12 1898    0.0249   0.5816   0.1939  35.1230  41.1293   42.8551  -144.62
 12 1899    0.0260   0.5729   0.1917  34.8397  40.8363   43.3356  -145.61
 12 1900    0.0091   0.5799   0.1932  34.5992  40.5873   43.7921  -146.47
 12 1901    0.0092   0.5853   0.1928  34.3586  40.3519   44.2330  -147.31
 12 1902    0.0078   0.5839   0.1916  34.1190  40.1082   44.6662  -148.17
 12 1903    0.0080   0.5820   0.1902  33.8808  39.8669   45.0950  -149.04
 12 1904    0.0077   0.5850   0.1897  33.6455  39.6337   45.5287  -149.89
 12 1905    0.0082   0.5869   0.1890  33.4117  39.4017   45.9590  -150.77
 12 1906    0.0096   0.5982   0.1896  33.1815  39.1848   46.3995  -151.60
 12 1907    0.0087   0.6003   0.1890  32.9520  38.9559   46.8311  -152.48
 12 1908    0.0084   0.6060   0.1890  32.7250  38.7343   47.2661  -153.34
 12 1909    0.0069   0.5995   0.1873  32.4978  38.4974   47.6861  -154.26
 12 1910    0.0084   0.5990   0.1862  32.2729  38.2724   48.1076  -155.15
 12 1911    0.0072   0.5909   0.1843  32.0485  38.0368   48.5194  -156.08
 12 1912    0.0070   0.5895   0.1833  31.8268  37.8126   48.9355  -156.99
 12 1913    0.0078   0.5849   0.1818  31.6058  37.5862   49.3439  -157.90
 12 1914    0.0073   0.5768   0.1800  31.3859  37.3559   49.7458  -158.84
 12 1915    0.0087   0.5811   0.1798  31.1694  37.1450   50.1584  -159.75
 12 1916    0.0074   0.5784   0.1788  30.9538  36.9244   50.5636  -160.69
 12 1917    0.0068   0.5664   0.1764  30.7379  36.6934   50.9535  -161.68
 12 1918    0.0078   0.5694   0.1761  30.5258  36.4850   51.3570  -162.59
 12 1919    0.0072   0.5712   0.1757  30.3155  36.2755   51.7595  -163.52
 12 1920    0.0072   0.5679   0.1745  30.1058  36.0613   52.1538  -164.44
 12 1921    0.0080   0.5688   0.1739  29.8983  35.8548   52.5499  -165.34
 12 1922    0.0080   0.5718   0.1737  29.6929  35.6523   52.9483  -166.24
 12 1923    0.0077   0.5711   0.1729  29.4885  35.4461   53.3413  -167.16
 12 1924    0.0078   0.5665   0.1715  29.2848  35.2365   53.7270  -168.11
 12 1925    0.0069   0.5597   0.1699  29.0823  35.0247   54.1076  -169.11
 12 1926    0.0071   0.5508   0.1680  28.8804  34.8122   54.4810  -170.12
 12 1927    0.0073   0.5473   0.1668  28.6808  34.6081   54.8575  -171.11
 12 1928    0.0083   0.5533   0.1670  28.4843  34.4188   55.2434  -172.04
 12 1929    0.0084   0.5559   0.1668  28.2890  34.2259   55.6254  -173.00
 12 1930    0.0069   0.5495   0.1653  28.0937  34.0213   55.9964  -173.94
 12 1931    0.0070   0.5431   0.1637  27.8996  33.8193   56.3627  -174.89
 12 1932    0.0068   0.5419   0.1630  27.7077  33.6253   56.7331  -175.82
 12 1933    0.0072   0.5412   0.1622  27.5173  33.4339   57.1017  -176.75
 12 1934    0.0084   0.5481   0.1625  27.3296  33.2546   57.4777  -177.63
 12 1935    0.0076   0.5468   0.1618  27.1423  33.0643   57.8451  -178.62
 12 1936    0.0074   0.5500   0.1616  26.9572  32.8822   58.2164  -179.57
 12 1937    0.0064   0.5445   0.1603  26.7722  32.6893   58.5765  -180.59
 12 1938    0.0074   0.5426   0.1593  26.5887  32.5039   58.9364  -181.58
 12 1939    0.0066   0.5357   0.1577  26.4058  32.3117   59.2893  -182.61
 12 1940    0.0065   0.5346   0.1570  26.2252  32.1291   59.6462  -183.60
 12 1941    0.0071   0.5310   0.1558  26.0452  31.9450   59.9969  -184.62
 12 1942    0.0066   0.5241   0.1543  25.8660  31.7568   60.3419  -185.66
 12 1943    0.0080   0.5285   0.1543  25.6898  31.5864   60.6969  -186.62
 12 1944    0.0069   0.5271   0.1536  25.5143  31.4079   61.0463  -187.63
 12 1945    0.0063   0.5169   0.1516  25.3384  31.2191   61.3818  -188.77
 12 1946    0.0073   0.5209   0.1516  25.1659  31.0515   61.7306  -189.81
 12 1947    0.0068   0.5235   0.1514  24.9949  30.8825   62.0788  -190.86
 12 1948    0.0067   0.5221   0.1507  24.8245  30.7099   62.4206  -191.93
 12 1949    0.0075   0.5242   0.1503  24.6559  30.5439   62.7646  -192.98
 12 1950    0.0095   0.5285   0.1502  24.4887  30.3829   63.1085  -193.95
 12 1951    0.0081   0.5356   0.1508  24.3241  30.2246   63.4599  -194.93
 12 1952    0.0128   0.5673   0.1545  24.1649  30.1054   63.8381  -195.70
 12 1953    0.0073   0.5700   0.1547  24.0042  29.9420   64.1961  -196.72
 12 1954    0.0126   0.5934   0.1569  23.8472  29.8160   64.5707  -197.52
 12 1955    0.0086   0.5998   0.1575  23.6905  29.6622   64.9373  -198.41
 12 1956    0.0110   0.6200   0.1595  23.5371  29.5335   65.3168  -199.05
 12 1957    0.0083   0.6179   0.1586  23.3821  29.3728   65.6763  -199.73
 12 1958    0.0122   0.6275   0.1590  23.2294  29.2340   66.0425  -199.94
 12 1959    0.0081   0.6216   0.1578  23.0765  29.0699   66.3978  -200.22
 12 1960    0.0116   0.6376   0.1591  22.9277  28.9419   66.7719  -200.26
 12 1961    0.0084   0.6327   0.1580  22.7776  28.7826   67.1284  -200.61
 12 1962    0.0143   0.6641   0.1615  22.6342  28.6800   67.5214  -199.61
 12 1963    0.0073   0.6531   0.1598  22.4868  28.5129   67.8787  -197.87
 12 1964    0.0132   0.6730   0.1615  22.3443  28.3980   68.2602  -194.50
 12 1965    0.0070   0.6523   0.1584  22.1975  28.2211   68.6041  -194.43
 12 1966    0.0142   0.6787   0.1610  22.0582  28.1180   68.9904  -192.27
 12 1967    0.0077   0.6654   0.1591  21.9153  27.9534   69.3438  -192.55
 12 1968    0.0145   0.6854   0.1608  21.7775  27.8441   69.7232  -191.52
 12 1969    0.0078   0.6734   0.1591  21.6374  27.6836   70.0782  -192.23
 12 1970    0.0132   0.6853   0.1598  21.5007  27.5649   70.4487  -192.08
 12 1971    0.0101   0.6895   0.1601  21.3653  27.4310   70.8195  -192.43
 12 1972    0.0177   0.7336   0.1654  21.2372  27.3597   71.2324  -191.44
 12 1973    0.0097   0.7263   0.1643  21.1042  27.2105   71.6041  -192.42
 12 1974    0.0148   0.7512   0.1669  20.9765  27.1152   72.0032  -192.26
 12 1975    0.0092   0.7409   0.1652  20.8454  26.9666   72.3722  -193.33
 12 1976    0.0143   0.7699   0.1684  20.7211  26.8795   72.7796  -193.19
 12 1977    0.0105   0.7692   0.1679  20.5944  26.7478   73.1631  -194.14
 12 1978    0.0181   0.8082   0.1723  20.4746  26.6792   73.5864  -193.94
 12 1979    0.0101   0.7971   0.1707  20.3500  26.5338   73.9689  -195.29
 12 1980    0.0171   0.8305   0.1743  20.2323  26.4601   74.3917  -195.40
 12 1981    0.0091   0.8153   0.1721  20.1096  26.3121   74.7735  -196.90
 12 1982    0.0185   0.8553   0.1765  19.9956  26.2518   75.2066  -196.94
 12 1983    0.0107   0.8483   0.1755  19.8773  26.1178   75.6041  -198.27
 12 1984    0.0164   0.8859   0.1799  19.7665  26.0546   76.0455  -198.49
 12 1985    0.0103   0.8674   0.1770  19.6489  25.9095   76.4335  -200.03
 12 1986    0.0181   0.8902   0.1790  19.5374  25.8306   76.8562  -200.60
 12 1987    0.0110   0.8693   0.1760  19.4212  25.6834   77.2407  -202.20
 12 1988    0.0174   0.9026   0.1798  19.3138  25.6196   77.6778  -202.61
 12 1989    0.0109   0.8824   0.1769  19.2000  25.4761   78.0644  -204.17
 12 1990    0.0267   0.9592   0.1862  19.1018  25.4799   78.5512  -203.69
 12 1991    0.0083   0.9015   0.1788  18.9861  25.2807   78.9126  -206.03
 12 1992    0.0342   1.0455   0.1971  18.9021  25.3847   79.4833  -204.28
 12 1993    0.0076   0.9785   0.1887  18.7908  25.1716   79.8632  -206.76
 12 1994    0.0284   1.0431   0.1956  18.6970  25.1700   80.3549  -206.48
 12 1995    0.0094   1.0776   0.2016  18.6068  25.1013   80.8672  -207.09
 12 1996    0.0110   1.0226   0.1924  18.4982  24.9301   81.2467  -209.00
 12 1997    0.0321   1.1322   0.2060  18.4170  24.9933   81.8080  -207.98
 12 1998    0.0123   1.2181   0.2196  18.3433  24.9991   82.4156  -207.70
 12 1999    0.0115   1.1787   0.2126  18.2461  24.8548   82.8576  -209.25
 12 2000    0.0251   1.2121   0.2154  18.1597  24.8182   83.3679  -209.50
 12 2001    0.0090   1.2327   0.2191  18.0780  24.7447   83.9057  -210.20
 12 2002    0.0290   1.2752   0.2226  17.9960  24.7287   84.4358  -210.23
 12 2003    0.0280   1.3104   0.2271  17.9176  24.6890   84.9858  -210.54
 12 2004    0.0093   1.3207   0.2294  17.8402  24.6056   85.5384  -211.36
 12 2005    0.0083   1.2308   0.2154  17.7414  24.4018   85.9391  -213.60
 12 2006    0.0292   1.2709   0.2190  17.6614  24.3864   86.4623  -213.63
 12 2007    0.0099   1.2946   0.2239  17.5869  24.3212   87.0191  -214.26
 12 2008    0.0095   1.2210   0.2125  17.4920  24.1409   87.4312  -216.22
 12 2009    0.0266   1.2637   0.2170  17.4145  24.1278   87.9570  -216.24
 12 2010    0.0106   1.2927   0.2225  17.3422  24.0738   88.5139  -216.74
 12 2011    0.0122   1.2401   0.2140  17.2528  23.9251   88.9493  -218.33
 12 2012    0.0300   1.3259   0.2248  17.1863  23.9729   89.5357  -217.65
 12 2013    0.0151   1.3935   0.2357  17.1256  23.9757   90.1582  -217.49
 12 2014    0.0240   1.4440   0.2414  17.0612  23.9765   90.7514  -217.36
 12 2015    0.0414   1.5033   0.2476  16.9992  23.9975   91.3578  -216.99
 12 2016    0.0104   1.5170   0.2516  16.9394  23.9243   91.9753  -217.70
 12 2017    0.0073   1.3955   0.2330  16.8500  23.6917   92.3859  -220.23
 12 2018    0.0355   1.4663   0.2405  16.7886  23.7368   92.9833  -219.60
 12 2019    0.0132   1.5134   0.2490  16.7341  23.7156   93.6247  -219.72
 12 2020    0.0212   1.5172   0.2481  16.6688  23.6612   94.1878  -220.21
 12 2021    0.2896   1.8519   0.2700  16.6311  24.2484   94.9362  -213.56
 12 2022    0.0035   1.6216   0.2635  16.5696  23.6641   95.5205  -219.91
 12 2023    0.0003   1.4222   0.2335  16.4725  23.3344   95.8560  -223.56
 12 2024    0.0264   1.4194   0.2308  16.4015  23.2841   96.3648  -224.02
 12 2025    0.0107   1.4387   0.2354  16.3417  23.2324   96.9463  -224.49
 12 2026    0.0130   1.3670   0.2246  16.2623  23.0728   97.3893  -226.23
 12 2027    0.0294   1.3988   0.2281  16.1981  23.0603   97.9322  -226.25
 12 2028    0.0114   1.4421   0.2362  16.1442  23.0398   98.5414  -226.36
 12 2029    0.0140   1.3803   0.2266  16.0683  22.8951   98.9969  -227.94
 12 2030    0.0252   1.3889   0.2269  16.0026  22.8494   99.5172  -228.34
 12 2031    0.0112   1.4229   0.2331  15.9473  22.8204  100.1058  -228.56
 12 2032    0.0118   1.3574   0.2232  15.8718  22.6700  100.5516  -230.23
 12 2033    0.0311   1.3821   0.2251  15.8086  22.6526  101.0772  -230.30
 12 2034    0.0114   1.4165   0.2319  15.7552  22.6209  101.6673  -230.54
 12 2035    0.0165   1.3827   0.2261  15.6864  22.5176  102.1472  -231.66
 12 2036    0.0294   1.3952   0.2267  15.6241  22.4812  102.6680  -231.96
 12 2037    0.0111   1.4192   0.2318  15.5704  22.4385  103.2449  -232.34
 12 2038    0.0155   1.3629   0.2227  15.4988  22.3059  103.6945  -233.83
 12 2039    0.0255   1.3710   0.2230  15.4367  22.2620  104.2053  -234.24
 12 2040    0.0105   1.4060   0.2294  15.3855  22.2373  104.7876  -234.41
 12 2041    0.0143   1.3544   0.2212  15.3158  22.1114  105.2392  -235.84
 12 2042    0.0280   1.3621   0.2210  15.2541  22.0710  105.7419  -236.20
 12 2043    0.0099   1.3779   0.2249  15.2004  22.0190  106.2957  -236.71
 12 2044    0.0130   1.3220   0.2162  15.1302  21.8872  106.7330  -238.24
 12 2045    0.0280   1.3235   0.2150  15.0673  21.8397  107.2162  -238.71
 12 2046    0.0110   1.3583   0.2218  15.0169  21.8139  107.7817  -238.90
 12 2047    0.0193   1.3577   0.2207  14.9572  21.7608  108.2798  -239.44
 12 2048    0.0246   1.3510   0.2191  14.8969  21.6974  108.7699  -240.12
 12 2049    0.0097   1.3698   0.2230  14.8457  21.6542  109.3196  -240.54
 12 2050    0.0108   1.2924   0.2112  14.7740  21.4943  109.7254  -242.48
 12 2051    0.0316   1.3192   0.2133  14.7167  21.4868  110.2253  -242.43
 12 2052    0.0107   1.3543   0.2204  14.6694  21.4607  110.7907  -242.63
 12 2053    0.0139   1.2973   0.2114  14.6020  21.3304  111.2151  -244.21
 12 2054    0.0279   1.3055   0.2113  14.5435  21.2941  111.6963  -244.55
 12 2055    0.0103   1.3502   0.2195  14.4986  21.2845  112.2679  -244.53
 12 2056    0.0180   1.3073   0.2121  14.4343  21.1776  112.7033  -245.82
 12 2057    0.0309   1.3202   0.2128  14.3786  21.1482  113.1931  -246.07
 12 2058    0.0102   1.3445   0.2182  14.3317  21.1104  113.7413  -246.44
 12 2059    0.0139   1.2937   0.2100  14.2677  20.9912  114.1684  -247.92
 12 2060    0.0280   1.3066   0.2106  14.2125  20.9636  114.6524  -248.16
 12 2061    0.0112   1.3560   0.2193  14.1710  20.9634  115.2265  -248.03
 12 2062    0.0150   1.3181   0.2130  14.1111  20.8632  115.6728  -249.28
 12 2063    0.0273   1.3488   0.2162  14.0620  20.8603  116.1885  -249.18
 12 2064    0.0121   1.4124   0.2267  14.0261  20.8833  116.7925  -248.73
 12 2065    0.0195   1.3652   0.2185  13.9672  20.7763  117.2366  -250.08
 12 2066    0.0288   1.3716   0.2184  13.9167  20.7414  117.7343  -250.43
 12 2067    0.0101   1.3905   0.2227  13.8744  20.7035  118.2854  -250.82
 12 2068    0.0149   1.3473   0.2155  13.8172  20.6008  118.7316  -252.13
 12 2069    0.0336   1.3736   0.2175  13.7697  20.6003  119.2408  -252.00
 12 2070    0.0109   1.4047   0.2241  13.7314  20.5769  119.8110  -252.19
 12 2071    0.0104   1.3171   0.2108  13.6680  20.4121  120.2063  -254.41
 12 2072    0.0273   1.3040   0.2073  13.6132  20.3577  120.6562  -255.06
 12 2073    0.0084   1.2973   0.2082  13.5652  20.2850  121.1500  -255.97
 12 2074    0.0109   1.2292   0.1980  13.5018  20.1458  121.5355  -257.87
 12 2075    0.0310   1.2456   0.1988  13.4497  20.1310  121.9942  -257.95
 12 2076    0.0091   1.2675   0.2043  13.4066  20.0933  122.5114  -258.38
 12 2077    0.0107   1.1989   0.1940  13.3432  19.9527  122.8873  -260.33
 12 2078    0.0341   1.2275   0.1962  13.2929  19.9566  123.3489  -260.14
 12 2079    0.0109   1.2820   0.2065  13.2568  19.9621  123.9049  -259.92
 12 2080    0.0097   1.2081   0.1955  13.1946  19.8139  124.2798  -262.02
 12 2081    0.0360   1.2564   0.2002  13.1492  19.8477  124.7656  -261.37
 12 2082    0.0121   1.3147   0.2109  13.1162  19.8598  125.3340  -261.06
 12 2083    0.0107   1.2365   0.1991  13.0556  19.7078  125.7112  -263.24
 12 2084    0.0291   1.2634   0.2012  13.0095  19.7092  126.1844  -263.08
 12 2085    0.0101   1.2951   0.2076  12.9721  19.6908  126.7145  -263.23
 12 2086    0.0092   1.2133   0.1952  12.9111  19.5347  127.0801  -265.51
 12 2087    0.0282   1.2508   0.1991  12.8672  19.5512  127.5590  -265.12
 12 2088    0.0113   1.3031   0.2082  12.8341  19.5626  128.1101  -264.81
 12 2089    0.0160   1.2748   0.2032  12.7840  19.4840  128.5421  -265.90
 12 2090    0.0271   1.2775   0.2024  12.7378  19.4508  128.9983  -266.29
 12 2091    0.0107   1.3203   0.2101  12.7050  19.4519  129.5434  -266.15
 12 2092    0.0101   1.2431   0.1983  12.6480  19.3054  129.9202  -268.33
 12 2093    0.0310   1.2620   0.1992  12.6035  19.3016  130.3793  -268.26
 12 2094    0.0103   1.3032   0.2071  12.5712  19.2978  130.9204  -268.19
 12 2095    0.0105   1.2318   0.1962  12.5155  19.1600  131.2980  -270.27
 12 2096    0.0341   1.2618   0.1985  12.4733  19.1736  131.7651  -269.92
 12 2097    0.0102   1.3071   0.2073  12.4433  19.1738  132.3137  -269.79
 12 2098    0.0097   1.2158   0.1936  12.3850  19.0099  132.6654  -272.32
 12 2099    0.0190   1.2168   0.1930  12.3396  18.9742  133.1026  -272.78
