MON   YR       DPM      RPM      BIO      HUM    TOTAL       CO2     D14C
 12 1850    0.0043  12.1154   1.2412  49.9528  68.5196    2.8159   -88.06
 12 1851    0.2276  10.9865   1.1741  49.8250  67.4191    5.3851   -89.48
 12 1852    0.0664   9.6178   1.0855  49.6509  65.6266    7.6298   -91.90
 12 1853    0.0558   8.4281   0.9891  49.4333  64.1122    9.5631   -94.05
 12 1854    0.0713   7.4226   0.9031  49.1947  62.7976   11.3377   -95.99
 12 1855    0.0602   6.5404   0.8265  48.9390  61.5720   12.9779   -97.87
 12 1856    0.0559   5.7880   0.7592  48.6689  60.4778   14.5022   -99.61
 12 1857    0.0562   5.1255   0.6971  48.3831  59.4679   15.9002  -101.28
 12 1858    0.0641   4.5633   0.6431  48.0873  58.5637   17.2096  -102.81
 12 1859    0.0600   4.0801   0.5969  47.7847  57.7276   18.4518  -104.27
 12 1860    0.0617   3.6793   0.5582  47.4773  56.9824   19.6404  -105.60
 12 1861    0.0553   3.2997   0.5199  47.1593  56.2402   20.7349  -106.97
 12 1862    0.0521   2.9871   0.4885  46.8389  55.5725   21.7914  -108.22
 12 1863    0.0528   2.7255   0.4618  46.5161  54.9622   22.8087  -109.39
 12 1864    0.0496   2.4817   0.4362  46.1879  54.3613   23.7675  -110.57
 12 1865    0.0516   2.2687   0.4129  45.8565  53.7956   24.6812  -111.71
 12 1866    0.0525   2.0959   0.3943  45.5259  53.2745   25.5769  -112.77
 12 1867    0.0502   1.9396   0.3773  45.1937  52.7667   26.4395  -113.83
 12 1868    0.0527   1.7983   0.3610  44.8594  52.2773   27.2646  -114.86
 12 1869    0.0477   1.6800   0.3482  44.5268  51.8086   28.0787  -115.87
 12 1870    0.0448   1.5620   0.3343  44.1916  51.3385   28.8514  -116.90
 12 1871    0.0507   1.4761   0.3238  43.8587  50.9151   29.6171  -117.84
 12 1872    0.0504   1.4072   0.3159  43.5287  50.5081   30.3797  -118.76
 12 1873    0.0534   1.3462   0.3083  43.1994  50.1133   31.1246  -119.66
 12 1874    0.0404   1.2728   0.3001  42.8700  49.6893   31.8459  -120.65
 12 1875    0.0376   1.1992   0.2906  42.5391  49.2723   32.5336  -121.64
 12 1876    0.0369   1.1446   0.2834  42.2109  48.8817   33.2176  -122.58
 12 1877    0.0487   1.1249   0.2800  41.8879  48.5473   33.9145  -123.39
 12 1878    0.0573   1.1273   0.2798  41.5712  48.2415   34.6324  -124.14
 12 1879    0.0545   1.1203   0.2791  41.2570  47.9168   35.3457  -124.95
 12 1880    0.0516   1.1162   0.2785  40.9459  47.5981   36.0579  -125.76
 12 1881    0.0394   1.0855   0.2748  40.6337  47.2393   36.7419  -126.67
 12 1882    0.0515   1.0737   0.2713  40.3233  46.9258   37.4164  -127.49
 12 1883    0.0408   1.0436   0.2674  40.0146  46.5724   38.0807  -128.41
 12 1884    0.0395   1.0267   0.2645  39.7085  46.2451   38.7423  -129.28
 12 1885    0.0424   1.0026   0.2600  39.4024  45.9134   39.3825  -130.18
 12 1886    0.0411   0.9768   0.2558  39.0981  45.5777   40.0136  -131.10
 12 1887    0.0470   0.9722   0.2540  38.7983  45.2773   40.6549  -131.93
 12 1888    0.0415   0.9599   0.2521  38.5009  44.9603   41.2917  -132.82
 12 1889    0.0380   0.9302   0.2473  38.2021  44.6235   41.8985  -133.78
 12 1890    0.0408   0.9233   0.2454  37.9080  44.3234   42.5172  -134.65
 12 1891    0.0388   0.9172   0.2440  37.6169  44.0229   43.1360  -135.53
 12 1892    0.0360   0.8987   0.2408  37.3260  43.7074   43.7357  -136.46
 12 1893    0.0397   0.8869   0.2380  37.0371  43.4077   44.3298  -137.36
 12 1894    0.0411   0.8823   0.2365  36.7518  43.1176   44.9281  -138.24
 12 1895    0.0385   0.8700   0.2342  36.4679  42.8165   45.5163  -139.17
 12 1896    0.0390   0.8545   0.2311  36.1849  42.5154   46.0914  -140.11
 12 1897    0.0354   0.8383   0.2283  35.9040  42.2119   46.6616  -141.08
 12 1898    0.0353   0.8166   0.2244  35.6235  41.9057   47.2144  -142.06
 12 1899    0.0367   0.8054   0.2220  35.3461  41.6161   47.7700  -143.00
 12 1900    0.0125   0.8137   0.2244  35.1126  41.3691   48.3048  -143.83
 12 1901    0.0127   0.8208   0.2242  34.8781  41.1418   48.8191  -144.61
 12 1902    0.0109   0.8196   0.2230  34.6445  40.9038   49.3247  -145.43
 12 1903    0.0112   0.8177   0.2216  34.4122  40.6685   49.8255  -146.25
 12 1904    0.0107   0.8226   0.2213  34.1830  40.4436   50.3339  -147.04
 12 1905    0.0114   0.8251   0.2207  33.9552  40.2182   50.8375  -147.88
 12 1906    0.0133   0.8400   0.2217  33.7315  40.0124   51.3552  -148.65
 12 1907    0.0120   0.8421   0.2212  33.5079  39.7892   51.8610  -149.49
 12 1908    0.0116   0.8495   0.2214  33.2872  39.5756   52.3724  -150.30
 12 1909    0.0097   0.8415   0.2195  33.0657  39.3424   52.8654  -151.18
 12 1910    0.0117   0.8410   0.2184  32.8465  39.1235   53.3604  -152.02
 12 1911    0.0101   0.8305   0.2162  32.6275  38.8902   53.8438  -152.91
 12 1912    0.0099   0.8295   0.2153  32.4114  38.6720   54.3340  -153.76
 12 1913    0.0107   0.8222   0.2134  32.1956  38.4478   54.8124  -154.63
 12 1914    0.0103   0.8123   0.2113  31.9807  38.2205   55.2847  -155.53
 12 1915    0.0120   0.8175   0.2113  31.7697  38.0164   55.7706  -156.39
 12 1916    0.0105   0.8151   0.2104  31.5595  37.8013   56.2492  -157.28
 12 1917    0.0096   0.7989   0.2074  31.3480  37.5698   56.7065  -158.24
 12 1918    0.0107   0.8015   0.2071  31.1410  37.3662   57.1812  -159.11
 12 1919    0.0100   0.8042   0.2069  30.9359  37.1630   57.6568  -159.98
 12 1920    0.0100   0.7998   0.2056  30.7310  36.9523   58.1215  -160.85
 12 1921    0.0110   0.7995   0.2048  30.5281  36.7493   58.5875  -161.70
 12 1922    0.0110   0.8027   0.2046  30.3276  36.5518   59.0575  -162.53
 12 1923    0.0107   0.8016   0.2038  30.1280  36.3500   59.5214  -163.40
 12 1924    0.0108   0.7951   0.2022  29.9287  36.1426   59.9757  -164.29
 12 1925    0.0098   0.7874   0.2005  29.7306  35.9342   60.4262  -165.25
 12 1926    0.0101   0.7761   0.1982  29.5329  35.7231   60.8668  -166.22
 12 1927    0.0103   0.7718   0.1970  29.3375  35.5225   61.3122  -167.16
 12 1928    0.0114   0.7788   0.1974  29.1456  35.3390   61.7689  -168.04
 12 1929    0.0117   0.7817   0.1972  28.9547  35.1511   62.2211  -168.94
 12 1930    0.0096   0.7728   0.1954  28.7634  34.9471   62.6595  -169.82
 12 1931    0.0098   0.7643   0.1936  28.5731  34.7467   63.0925  -170.70
 12 1932    0.0095   0.7628   0.1928  28.3853  34.5562   63.5315  -171.55
 12 1933    0.0101   0.7615   0.1920  28.1987  34.3682   63.9680  -172.41
 12 1934    0.0117   0.7703   0.1925  28.0154  34.1957   64.4149  -173.20
 12 1935    0.0105   0.7677   0.1917  27.8320  34.0077   64.8502  -174.14
 12 1936    0.0103   0.7717   0.1917  27.6510  33.8305   65.2914  -175.03
 12 1937    0.0090   0.7647   0.1901  27.4697  33.6394   65.7191  -175.99
 12 1938    0.0104   0.7623   0.1890  27.2900  33.4576   66.1469  -176.92
 12 1939    0.0092   0.7532   0.1872  27.1106  33.2661   66.5660  -177.90
 12 1940    0.0091   0.7524   0.1866  26.9337  33.0876   66.9914  -178.82
 12 1941    0.0098   0.7466   0.1851  26.7570  32.9044   67.4073  -179.78
 12 1942    0.0094   0.7380   0.1833  26.5810  32.7175   67.8176  -180.76
 12 1943    0.0110   0.7434   0.1835  26.4084  32.5522   68.2407  -181.65
 12 1944    0.0098   0.7427   0.1830  26.2366  32.3779   68.6585  -182.59
 12 1945    0.0089   0.7289   0.1805  26.0635  32.1876   69.0572  -183.70
 12 1946    0.0100   0.7330   0.1805  25.8944  32.0238   69.4729  -184.70
 12 1947    0.0094   0.7370   0.1806  25.7270  31.8599   69.8897  -185.69
 12 1948    0.0094   0.7352   0.1798  25.5598  31.6901   70.2982  -186.72
 12 1949    0.0103   0.7367   0.1794  25.3944  31.5267   70.7083  -187.71
 12 1950    0.0132   0.7419   0.1793  25.2305  31.3707   71.1190  -188.61
 12 1951    0.0112   0.7513   0.1804  25.0697  31.2185   71.5412  -189.50
 12 1952    0.0180   0.7958   0.1857  24.9159  31.1213   72.0018  -190.12
 12 1953    0.0102   0.7991   0.1861  24.7594  30.9607   72.4343  -191.07
 12 1954    0.0177   0.8327   0.1896  24.6079  30.8538   72.8915  -191.72
 12 1955    0.0119   0.8412   0.1906  24.4560  30.7056   73.3373  -192.49
 12 1956    0.0157   0.8715   0.1939  24.3085  30.5955   73.8041  -192.90
 12 1957    0.0115   0.8678   0.1929  24.1580  30.4361   74.2411  -193.39
 12 1958    0.0174   0.8836   0.1938  24.0107  30.3115   74.6911  -193.21
 12 1959    0.0113   0.8746   0.1923  23.8622  30.1464   75.1238  -193.15
 12 1960    0.0166   0.8992   0.1948  23.7194  30.0358   75.5862  -192.73
 12 1961    0.0117   0.8915   0.1933  23.5738  29.8762   76.0218  -192.76
 12 1962    0.0200   0.9344   0.1982  23.4370  29.7955   76.5081  -191.01
 12 1963    0.0101   0.9183   0.1960  23.2942  29.6245   76.9451  -188.24
 12 1964    0.0189   0.9481   0.1989  23.1581  29.5298   77.4194  -183.14
 12 1965    0.0098   0.9181   0.1946  23.0151  29.3435   77.8389  -182.62
 12 1966    0.0198   0.9540   0.1983  22.8821  29.2602   78.3176  -179.33
 12 1967    0.0107   0.9346   0.1957  22.7436  29.0905   78.7507  -179.28
 12 1968    0.0204   0.9632   0.1984  22.6119  28.9998   79.2221  -177.45
 12 1969    0.0108   0.9458   0.1961  22.4763  28.8349   79.6589  -177.96
 12 1970    0.0189   0.9651   0.1977  22.3456  28.7332   80.1210  -177.25
 12 1971    0.0141   0.9702   0.1983  22.2158  28.6042   80.5813  -177.31
 12 1972    0.0248   1.0310   0.2057  22.0957  28.5631   81.1003  -175.61
 12 1973    0.0134   1.0202   0.2044  21.9683  28.4122   81.5622  -176.49
 12 1974    0.0209   1.0564   0.2083  21.8480  28.3395   82.0650  -175.83
 12 1975    0.0128   1.0414   0.2060  21.7225  28.1887   82.5244  -176.83
 12 1976    0.0202   1.0836   0.2109  21.6063  28.1269   83.0401  -176.19
 12 1977    0.0145   1.0815   0.2104  21.4859  27.9982   83.5206  -177.04
 12 1978    0.0254   1.1361   0.2167  21.3749  27.9590   84.0578  -176.39
 12 1979    0.0140   1.1199   0.2146  21.2565  27.8108   84.5376  -177.77
 12 1980    0.0241   1.1668   0.2198  21.1475  27.7641   85.0750  -177.51
 12 1981    0.0128   1.1448   0.2168  21.0310  27.6113   85.5544  -179.07
 12 1982    0.0261   1.2022   0.2233  20.9265  27.5841   86.1083  -178.72
 12 1983    0.0150   1.1917   0.2221  20.8153  27.4499   86.6109  -180.05
 12 1984    0.0233   1.2460   0.2286  20.7146  27.4184   87.1781  -179.93
 12 1985    0.0143   1.2193   0.2246  20.6035  27.2676   87.6683  -181.55
 12 1986    0.0257   1.2537   0.2280  20.5011  27.2144   88.2111  -181.84
 12 1987    0.0154   1.2235   0.2238  20.3914  27.0600   88.6978  -183.53
 12 1988    0.0247   1.2731   0.2297  20.2941  27.0275   89.2626  -183.63
 12 1989    0.0328   1.2473   0.2245  20.1844  26.8949   89.7373  -185.04
 12 1990    0.0012   1.0981   0.2051  20.0567  26.5669   90.0810  -188.94
 12 1991    0.0801   1.4854   0.2548  20.0121  27.0382   90.9874  -182.94
 12 1992    0.0611   1.8570   0.3099  19.9952  27.4292   92.0811  -178.26
 12 1993    0.0097   1.6918   0.2875  19.8939  27.0888   92.5951  -181.97
 12 1994    0.0683   1.9630   0.3199  19.8569  27.4140   93.5434  -178.28
 12 1995    0.0496   2.2003   0.3542  19.8357  27.6457   94.5989  -175.77
 12 1996    0.0189   2.0494   0.3317  19.7504  27.3563   95.2127  -178.74
 12 1997    0.0661   2.3618   0.3712  19.7396  27.7446   96.3323  -174.78
 12 1998    0.0503   2.6134   0.4069  19.7394  28.0159   97.5244  -172.15
 12 1999    0.0971   2.5519   0.3897  19.6782  27.9228   98.2979  -173.07
 12 2000    0.0752   2.7409   0.4179  19.6714  28.1113   99.4407  -171.35
 12 2001    0.0525   2.9843   0.4531  19.6873  28.3831  100.7392  -168.95
 12 2002    0.1922   3.0491   0.4454  19.6531  28.5457  101.6939  -167.60
 12 2003    0.0785   3.2061   0.4778  19.6720  28.6402  103.0114  -166.89
 12 2004    0.0453   3.3866   0.5044  19.6967  28.8389  104.3705  -165.31
 12 2005    0.0185   3.2006   0.4761  19.6564  28.5576  105.2850  -167.77
 12 2006    0.1214   3.6255   0.5273  19.7071  29.1871  106.8202  -162.72
 12 2007    0.0444   3.9528   0.5798  19.7843  29.5672  108.5420  -159.88
 12 2008    0.1725   3.7493   0.5325  19.7415  29.4016  109.4440  -161.27
 12 2009    0.0216   3.4220   0.4977  19.7014  28.8485  110.3626  -165.71
 12 2010    0.0263   3.2229   0.4675  19.6550  28.5776  111.2353  -167.99
 12 2011    0.2337   3.1886   0.4420  19.6041  28.6743  112.0741  -167.33
 12 2012    0.0967   3.5522   0.5113  19.6716  29.0378  113.7225  -164.60
 12 2013    0.0665   3.8984   0.5641  19.7420  29.4769  115.3950  -161.41
 12 2014    0.3158   3.9119   0.5382  19.7220  29.6937  116.4504  -159.91
 12 2015    0.0910   3.9576   0.5666  19.7675  29.5886  117.9553  -160.76
 12 2016    0.0538   4.0219   0.5778  19.8004  29.6599  119.3760  -160.34
 12 2017    0.0920   3.7165   0.5269  19.7524  29.2937  120.2440  -163.09
 12 2018    0.0879   3.8877   0.5531  19.7886  29.5232  121.6859  -161.50
 12 2019    0.0629   4.0834   0.5836  19.8424  29.7783  123.2515  -159.77
 12 2020    0.3201   4.1137   0.5605  19.8309  30.0311  124.3715  -158.05
 12 2021    0.5192   4.5166   0.5997  19.8930  30.7343  125.9955  -153.37
 12 2022    0.0335   4.0548   0.5788  19.8957  29.7687  127.2178  -159.98
 12 2023    0.0054   3.5585   0.5076  19.8210  29.0985  127.9082  -164.80
 12 2024    0.0571   3.4918   0.4946  19.7978  29.0472  128.9469  -165.21
 12 2025    0.0498   3.5184   0.5010  19.7991  29.0741  130.1530  -165.05
 12 2026    0.1692   3.3775   0.4692  19.7504  28.9722  131.0156  -165.81
 12 2027    0.0633   3.3855   0.4832  19.7534  28.8914  132.2304  -166.43
 12 2028    0.0517   3.4001   0.4877  19.7486  28.8939  133.3917  -166.42
 12 2029    0.1336   3.1944   0.4497  19.6880  28.6716  134.1697  -168.07
 12 2030    0.0522   3.1481   0.4531  19.6702  28.5294  135.2375  -169.13
 12 2031    0.0498   3.1701   0.4579  19.6562  28.5399  136.3308  -169.06
 12 2032    0.2059   3.1139   0.4346  19.6051  28.5654  137.1683  -168.87
 12 2033    0.0722   3.1660   0.4576  19.6088  28.5105  138.3788  -169.27
 12 2034    0.0546   3.2598   0.4735  19.6120  28.6058  139.5868  -168.54
 12 2035    0.2870   3.2801   0.4526  19.5698  28.7955  140.4826  -167.14
 12 2036    0.0433   3.1422   0.4575  19.5577  28.4067  141.5826  -169.99
 12 2037    0.0439   3.0911   0.4501  19.5298  28.3209  142.5740  -170.61
 12 2038    0.1242   2.9350   0.4193  19.4678  28.1522  143.3287  -171.85
 12 2039    0.0820   3.0984   0.4494  19.4757  28.3114  144.5598  -170.64
 12 2040    0.0524   3.2668   0.4771  19.4938  28.4960  145.8617  -169.24
 12 2041    0.2844   3.2673   0.4526  19.4491  28.6593  146.7330  -168.02
 12 2042    0.0702   3.2372   0.4702  19.4536  28.4371  147.9396  -169.61
 12 2043    0.0483   3.2670   0.4762  19.4494  28.4468  149.0872  -169.50
 12 2044    0.1595   3.1463   0.4464  19.3981  28.3562  149.9108  -170.14
 12 2045    0.0509   3.0838   0.4488  19.3809  28.1702  150.9657  -171.50
 12 2046    0.0511   3.0719   0.4472  19.3593  28.1355  151.9895  -171.73
 12 2047    0.1668   2.9443   0.4168  19.2984  28.0323  152.7420  -172.47
 12 2048    0.0408   2.8249   0.4132  19.2644  27.7493  153.6757  -174.60
 12 2049    0.0441   2.7762   0.4067  19.2252  27.6581  154.5712  -175.26
 12 2050    0.1433   2.6620   0.3807  19.1577  27.5496  155.2706  -176.07
 12 2051    0.0437   2.5782   0.3802  19.1166  27.3246  156.1466  -177.80
 12 2052    0.0416   2.5486   0.3773  19.0725  27.2460  157.0001  -178.37
 12 2053    0.1037   2.4184   0.3528  18.9988  27.0795  157.6469  -179.66
 12 2054    0.0491   2.3984   0.3571  18.9558  26.9663  158.5004  -180.53
 12 2055    0.0351   2.3809   0.3570  18.9094  26.8883  159.3282  -181.11
 12 2056    0.1410   2.3140   0.3373  18.8361  26.8342  159.9689  -181.50
 12 2057    0.0470   2.3153   0.3484  18.7987  26.7153  160.8512  -182.43
 12 2058    0.0419   2.3392   0.3530  18.7569  26.6969  161.7011  -182.52
 12 2059    0.0924   2.2065   0.3286  18.6779  26.5113  162.2928  -184.02
 12 2060    0.0456   2.2161   0.3359  18.6334  26.4370  163.1169  -184.60
 12 2061    0.0461   2.2624   0.3432  18.5923  26.4500  163.9614  -184.45
 12 2062    0.0977   2.1528   0.3219  18.5156  26.2938  164.5587  -185.73
 12 2063    0.0350   2.0997   0.3212  18.4601  26.1219  165.2979  -187.15
 12 2064    0.0349   2.0780   0.3186  18.4023  26.0398  166.0171  -187.81
 12 2065    0.1286   2.0372   0.3036  18.3269  26.0021  166.6123  -188.09
 12 2066    0.0530   2.1221   0.3248  18.2958  26.0016  167.5065  -188.04
 12 2067    0.0468   2.2297   0.3412  18.2662  26.0899  168.4101  -187.22
 12 2068    0.1026   2.1386   0.3214  18.1937  25.9622  169.0166  -188.28
 12 2069    0.0411   2.1299   0.3266  18.1486  25.8521  169.8076  -189.19
 12 2070    0.0406   2.1471   0.3290  18.1021  25.8247  170.5858  -189.38
 12 2071    0.1335   2.1006   0.3125  18.0310  25.7835  171.1920  -189.69
 12 2072    0.0289   2.0168   0.3111  17.9762  25.5389  171.9067  -191.82
 12 2073    0.0400   1.9879   0.3060  17.9155  25.4553  172.5769  -192.52
 12 2074    0.1046   1.9107   0.2883  17.8369  25.3464  173.1209  -193.46
 12 2075    0.0279   1.8293   0.2849  17.7728  25.1208  173.7592  -195.49
 12 2076    0.0320   1.7897   0.2794  17.7046  25.0116  174.3660  -196.45
 12 2077    0.1106   1.7581   0.2674  17.6264  24.9683  174.8993  -196.80
 12 2078    0.0357   1.7770   0.2787  17.5767  24.8740  175.6246  -197.63
 12 2079    0.0400   1.8133   0.2839  17.5227  24.8659  176.3169  -197.65
 12 2080    0.1052   1.7635   0.2700  17.4451  24.7896  176.8436  -198.32
 12 2081    0.0333   1.7269   0.2723  17.3858  24.6242  177.4918  -199.85
 12 2082    0.0312   1.7090   0.2701  17.3215  24.5377  178.1016  -200.63
 12 2083    0.0845   1.6415   0.2549  17.2394  24.4262  178.5855  -201.66
 12 2084    0.0445   1.7014   0.2685  17.1913  24.4116  179.2975  -201.75
 12 2085    0.0246   1.7376   0.2757  17.1408  24.3846  179.9904  -201.95
 12 2086    0.0840   1.6662   0.2589  17.0599  24.2748  180.4715  -202.98
 12 2087    0.0322   1.6556   0.2629  17.0022  24.1588  181.1075  -204.08
 12 2088    0.0246   1.6439   0.2619  16.9401  24.0764  181.7094  -204.85
 12 2089    0.0794   1.5847   0.2476  16.8598  23.9774  182.1826  -205.80
 12 2090    0.0439   1.6204   0.2570  16.8069  23.9342  182.8390  -206.18
 12 2091    0.0345   1.6609   0.2639  16.7549  23.9201  183.4985  -206.26
 12 2092    0.0819   1.6022   0.2501  16.6776  23.8178  183.9810  -207.25
 12 2093    0.0295   1.6068   0.2563  16.6235  23.7221  184.6184  -208.18
 12 2094    0.0330   1.6251   0.2586  16.5665  23.6891  185.2322  -208.47
 12 2095    0.0755   1.5612   0.2446  16.4888  23.5760  185.7008  -209.59
 12 2096    0.0365   1.6151   0.2568  16.4423  23.5565  186.3782  -209.74
 12 2097    0.0282   1.6508   0.2626  16.3922  23.5397  187.0288  -209.85
 12 2098    0.0843   1.5903   0.2475  16.3159  23.4440  187.4966  -210.81
 12 2099    0.0251   1.5787   0.2519  16.2616  23.3233  188.1106  -212.04
